12
4

22.5913
35.4772
50.5402
68.3101
88.5002
 107.71

0.00254448

0.378803

-6.90459e-08   -0.0129157   0.00146984 -0.000384293            0    0.0118807

0.000159158  -0.0265898    0.015385  0.00331231           0  0.00850989

          0
          0
0.000227661
0.000356664
0.000540611
  0.0112401
  0.0427259
   0.332513
   0.426215
    1.35301
    4.41694
    33.1709

1.17428
1.20728
1.24604
1.29203
      0
1.39567
8.57436
13.4739
19.2065
26.0577
      0
41.3723

          0
          0
-0.00049972
0.000536757
 0.00181318
  -0.171107
 0.00729869
  0.0663468
   -2.82363
  0.0324016
    1.38752
    54.8881

 0.00187394
-0.00339505
   0.071376
  0.0257215

           0            0            0            0            0            0            0            0            0            0            0            0
           0            0            0            0            0            0            0            0            0            0            0            0
   -0.289541     0.737066       -0.595     0.137015  3.32659e-10     0.010045  0.000173523 -0.000328899  0.000156679  3.55148e-07            0 -1.74884e-06
    0.209623    -0.372746    -0.387384     0.782941  3.85202e-10    -0.232498 -1.61354e-05   3.6629e-05 -2.09781e-05  1.86003e-07            0  8.55959e-07
   -0.642018     0.114383     0.534431     0.376896 -6.29514e-12    -0.383488 -2.05201e-05  5.54224e-05 -4.13786e-05    1.205e-06            0  3.95567e-06
    0.510131     0.323633     0.102405    -0.161552 -9.91456e-14     -0.77357   0.00306948  -0.00449652   0.00108694  3.52883e-05            0  0.000299589
 -0.00169284   -0.0010668   0.00070067   0.00188151  3.96748e-15    0.0051598     0.442878    -0.815925     0.371604  0.000409646            0    0.0011733
  0.00614371   0.00592834   0.00568466   0.00537443 -2.19717e-16   0.00463705    -0.556801    0.0595653       0.7951   -0.0963904            0    -0.211645
   -0.446948    -0.447143    -0.446959    -0.447267  -1.1075e-18    -0.447572  -0.00591142  -0.00107273     0.010702 -0.000963869            0  -0.00277418
 0.000160654  0.000142685  0.000124333  0.000100073  2.16549e-18  4.42391e-05    -0.207127    -0.171778    -0.130048     0.871468            0    -0.388872
-5.53687e-05 -5.28556e-05 -4.88637e-05 -4.32142e-05  8.10475e-21  -3.2438e-05    -0.648796     -0.48449    -0.292067   -0.0682313            0     0.504355
 2.39925e-06  2.48347e-06  2.49878e-06  2.22503e-06  1.72792e-26  1.02061e-06     0.173058     0.257796     0.356924     0.476021            0     0.741351

-1.56701e-19   5.0511e-20    -0.464841     0.273812    -0.771877      0.83158  -0.00354297   0.00649426    -0.446743  0.000187432 -6.75422e-05  2.49564e-06
 2.79849e-17 -9.90751e-18     0.388548    0.0913506    0.0106729    0.0222924  -0.00379631    0.0479444  0.000370902   0.00275583    0.0127061   0.00655011
-5.77012e-16  6.59542e-16     -14.6352     0.769135    -0.728143    -0.506907     0.121934     -1.64381   -0.0118714    -0.269473    -0.936182    0.0249638
 9.21148e-21  1.72848e-20      0.87695      1.63003      2.27729      2.46531   -0.0138642   0.00278124   0.00119722   0.00021706 -5.24163e-05 -8.99246e-07

