12
4

22.5913
35.4772
50.5402
68.3101
88.5002
 107.71

-0.000854327

0.379142

          0  -0.0103324 -0.00382568 -0.00312204  0.00578206   0.0114976

-2.38366e-15   -0.0202559   0.00663255   0.00211377   0.00496501   0.00737727

          0
          0
4.52977e-05
6.25316e-05
0.000110246
 0.00959065
   0.178463
   0.505938
    1.29024
    1.40743
    3.34598
    38.2952

      0
1.14841
1.13553
1.12031
1.10297
1.08644
      0
13.4888
19.1953
25.9787
33.6477
40.9481

           0
           0
-3.38407e-06
 8.47953e-06
-9.83955e-06
   0.0516298
 4.95576e-05
     2.50164
  -0.0592581
  1.3258e-05
    0.913205
    -63.5089

-0.000294327
 -0.00189341
   0.0699734
 -0.00115281

           0            0            0            0            0            0            0            0            0            0            0            0
           0            0            0            0            0            0            0            0            0            0            0            0
           0   -0.0345139     0.215135    -0.596881     0.712919    -0.296658  1.04656e-08 -3.90618e-07  4.61989e-07  7.08516e-08  2.72562e-08 -1.04574e-07
           0     0.257469    -0.722139     0.374895     0.410715    -0.320924  5.35993e-10  3.18605e-06 -4.56939e-06  4.01957e-07  3.75522e-07  6.11998e-07
           0    -0.611813     0.342497     0.549694     0.148705    -0.429074  2.40819e-10 -5.14028e-06  5.31537e-06  4.47688e-08 -1.60971e-07  -4.7631e-07
           0     0.598861     0.339366    0.0324189    -0.317366    -0.651478   3.7169e-14 -0.000420824  0.000570873 -2.71953e-05 -3.91944e-05 -7.83117e-05
           0  -0.00322373  -0.00305221  -0.00282913  -0.00257848  -0.00234062   3.4992e-17    -0.599278     0.791222   -0.0373548   -0.0666946   -0.0946038
           0     0.446719     0.446934     0.447174     0.447458     0.447736 -6.24452e-19  -0.00349877   0.00515927 -0.000548224  -0.00133201  0.000180587
           0 -0.000399956  -0.00040024 -0.000400783 -0.000401781  -0.00040329 -1.02863e-16     0.345163     0.258139    -0.770548    -0.205942     0.421983
           0  0.000400299   0.00040334  0.000407252  0.000411518   0.00041559  -6.1319e-17    0.0138798    0.0103368    -0.427336      0.80904    -0.403159
           0 -1.71634e-05 -2.07833e-05   -2.472e-05 -2.84528e-05 -3.17427e-05 -2.35474e-19     -0.68696    -0.460195    -0.229734     0.142131     0.493283
           0   9.0624e-07  7.84672e-07  6.06021e-07  3.31055e-07 -6.97914e-08 -7.93622e-29    -0.222732      -0.3089    -0.411663    -0.527627    -0.638055

 1.35525e-20  9.95098e-21     0.208373        1.116     -1.15083      1.20838  -0.00366923     0.446219 -0.000397486  0.000393125 -1.45119e-05  9.77439e-07
-2.67688e-17  8.87722e-18      1.30453     -3.89601     0.608399  -0.00924526    0.0876794  2.56771e-05  -0.00578595 -0.000243986     0.015071  -0.00572511
 3.94782e-16  -2.5543e-16      -61.427       157.19     -27.5538     0.243835     -3.68857  -0.00180594     0.550364     0.022545     -1.22205   -0.0194587
  8.7154e-29  1.85156e-20      2.21013      4.62846       3.9595      3.00011  -0.00212116  -0.00245954  1.00346e-05  -3.5576e-05  2.93551e-05  5.01463e-07

