22.5913
35.4772
50.5402
68.3101
88.5002
 107.71

0.00199028

0.379847

           0   -0.0114436  -0.00262427 -0.000477487   0.00462421   0.00993275

3.63092e-16   -0.023411    0.010142  0.00279087  0.00474161  0.00644739

       -nan
          0
0.000198359
0.000215781
0.000285412
 0.00994634
   0.178996
   0.458103
    1.29222
    1.40836
    3.35918
    38.3632

           0
           0
-0.000206225
-5.06032e-05
 0.000805852
   -0.115679
  -0.0248753
     2.86205
  -0.0527001
  -0.0135052
    0.880858
     63.9458

 0.00127034
-0.00299244
  0.0936819
  0.0142643

           0            0            0            0            0            0            0            0            0            0            0            0
           0            0            0            0            0            0            0            0            0            0            0            0
           0     0.364169    -0.769976     0.509502     -0.12096    0.0171481 -6.55698e-10 -5.52917e-06  7.67657e-06  6.75912e-08 -7.79247e-07 -1.08471e-06
           0     0.221838    -0.279521    -0.384143     0.781004    -0.339298 -2.27389e-10 -5.20212e-06   8.3927e-06 -2.09653e-06 -1.43228e-06  1.19345e-07
           0    -0.514324     0.116145      0.62574     0.276489    -0.503969  6.43113e-11  1.19074e-05   -1.469e-05 -7.02088e-08  4.75388e-07  2.10574e-06
           0     0.594842     0.340158    0.0363441     -0.31433    -0.655994   2.4357e-13   0.00092352  -0.00121983  2.36467e-05  8.83584e-05  0.000177222
           0  -0.00223022  -0.00186524  -0.00139575 -0.000843375 -0.000311835 -1.86723e-15     0.599803    -0.790928     0.037199    0.0661502    0.0943268
           0     0.446987     0.446996     0.447178     0.447382     0.447515 -3.02131e-19   0.00171384  -0.00240311  0.000139104  8.07459e-05  0.000344312
           0 -1.96955e-05 -9.00623e-06  3.59999e-06  1.56518e-05  3.33624e-05  5.30843e-17     0.346623       0.2595    -0.776916    -0.193676     0.414009
           0  6.54292e-05  6.27113e-05  6.01253e-05  5.67059e-05  5.25801e-05  1.24472e-17   0.00851857   0.00602784    -0.414983     0.812327    -0.409641
           0 -4.92273e-05 -4.37212e-05 -3.61976e-05 -2.86864e-05 -2.10765e-05  5.31721e-21    -0.686222    -0.460783    -0.232387     0.140502     0.492985
           0  1.83352e-05  1.82632e-05  1.80039e-05  1.76794e-05  1.69275e-05  2.85667e-31     0.221612     0.307778     0.410858     0.527729     0.639421

-1.30104e-18  3.68074e-20      1.01165     0.720487    -0.911174      1.18493  -0.00308798     0.446711 -4.17022e-05  7.03965e-05 -6.79909e-05  1.84613e-05
-8.80354e-16   1.3062e-17      0.59288      0.29285     0.116392    0.0289101   -0.0869926  -8.8086e-05  -0.00577187 -0.000171952    0.0149201    0.0057061
 7.68957e-16 -4.31119e-16     -24.6986     -9.47824      -2.7667    -0.862707      3.65693   0.00609884     0.551401     0.014624     -1.21628    0.0188932
-5.42101e-20 -2.48396e-20     0.512755     0.860434      3.17194       2.8858  -0.00427967  -0.00124332 -0.000115999  2.80889e-05 -7.01612e-05  3.08719e-07

