22.5913
35.4772
50.5402
68.3101
88.5002
 107.71

-0.00142174

0.378929

-3.91046e-08   -0.0108998  -0.00446174            0   0.00469011    0.0106736

0.000209334  -0.0200994  0.00737569           0    0.005502  0.00780433

          0
          0
0.000113876
0.000131895
0.000284255
   0.012109
  0.0439173
   0.301657
   0.486581
    1.39392
    4.43002
    35.3909

           0
           0
-6.74369e-05
-6.79254e-05
-0.000185404
    0.104559
  -0.0178527
  -0.0231606
     -2.4748
 -0.00784873
    -1.26695
    -58.6669

-0.000636514
 -0.00109251
   0.0168544
 -0.00532728

           0            0            0            0            0            0            0            0            0            0            0            0
           0            0            0            0            0            0            0            0            0            0            0            0
  -0.0717249     0.331271    -0.537221  7.48028e-08     0.667018    -0.389352 -8.40904e-05  0.000158346 -7.53135e-05  -1.8838e-16  7.53853e-07  3.12592e-07
    0.259525    -0.699402     0.345042 -4.96996e-08     0.447377    -0.352538  2.78729e-05  -5.3788e-05  2.63388e-05 -4.15209e-17  1.61714e-07 -4.05737e-07
   -0.667049     0.274603     0.608896 -7.42288e-09    0.0984606    -0.314945   -2.998e-05  4.33792e-05 -1.25134e-05 -2.27173e-19 -1.13596e-06  -8.4452e-07
    0.531808     0.354767     0.147153  -1.1654e-12    -0.380846    -0.651605  -0.00299063   0.00476038   -0.0015326 -3.40642e-29 -7.13608e-05 -0.000161554
-0.000347054  -0.00117778  -0.00259679  2.09904e-15  -0.00544565  -0.00718379     0.437154    -0.815485     0.379197 -1.79326e-30 -0.000351015 -0.000596188
 0.000998294  0.000859392  0.000694733  6.84564e-15  0.000251434  2.43436e-05     0.569826   -0.0629893    -0.791986  -4.1867e-39     0.124367     0.169174
   -0.446908    -0.447021    -0.447129  1.53402e-16    -0.447406    -0.447539   -0.0025824    0.0060145  -0.00385089 -3.25037e-44 -0.000210163   0.00053783
 0.000234202  0.000227173  0.000219299  4.05816e-16  0.000200233  0.000189402    0.0918463    0.0766759     0.059199 -1.74104e-47    -0.800251     0.584619
-5.27753e-05 -4.97484e-05 -4.74019e-05 -1.71971e-16 -4.28894e-05 -4.11996e-05     0.670641     0.516694     0.337299 -6.15293e-55    -0.133168    -0.389569
 1.05616e-06  1.01178e-06  9.79334e-07 -3.29552e-20  5.69602e-07  5.14327e-08    -0.161196    -0.241052    -0.334179            0    -0.571312    -0.691257

-3.02814e-20 -5.12488e-20     0.344059     0.721284    -0.796242     0.839508   0.00153069   0.00125333    -0.446767  0.000247333 -5.08273e-05  9.34644e-07
 3.65328e-16 -1.44673e-18    -0.627694    -0.203209     0.124238   -0.0112872 -0.000424904   -0.0478953 -8.78015e-05  -0.00117202    -0.011907  -0.00617988
 1.40747e-15 -1.41669e-15      12.7996      3.13262     -3.43371     0.255423  -0.00309338      1.64821   0.00622097     0.118257     0.939641   -0.0215865
 2.05141e-20  2.68933e-20      3.39271      4.15823      2.62088      2.37619    0.0137029   0.00192349   0.00126146  8.77264e-05 -1.63023e-05 -6.11841e-07

