12
4

22.5913
35.4772
50.5402
68.3101
88.5002
 107.71

0.000286279

0.380617

-3.55841e-09            0   -0.0153396  -0.00569244    0.0056075    0.0154166

0.000425595           0  -0.0187739  0.00218684  0.00678182    0.010949

1.59483e-10
2.89134e-07
2.70192e-05
3.66643e-05
8.43745e-05
  0.0108347
   0.284147
   0.507846
    1.32034
    1.40795
    3.82712
    37.7746

1.18412
      0
1.19224
1.19736
1.20317
 1.2087
8.61978
      0
19.2655
26.0601
33.7423
41.0506

           0
           0
 2.93613e-06
-3.88892e-06
 6.01673e-05
  -0.0162595
  -0.0415384
      2.6768
   0.0388545
 -0.00805998
     1.06829
    -62.8263

-0.000167013
  0.00059199
  -0.0317607
-6.26607e-05

           0            0            0            0            0            0            0            0            0            0            0            0
           0            0            0            0            0            0            0            0            0            0            0            0
 -0.00182759  1.34719e-05   -0.0328825     0.443721     -0.80383     0.394822  3.59177e-08  5.51383e-11 -3.13981e-08   1.2529e-07   6.8345e-09 -4.29185e-08
     0.03466  8.19126e-05    -0.599406     0.682299     0.230244    -0.347803  -4.0047e-08 -2.59187e-11  1.40687e-08 -6.91075e-08 -7.75601e-09  6.22715e-09
   -0.579546 -1.12308e-05     0.611179     0.370733   -0.0111729    -0.391177 -1.95881e-06  4.54817e-11  7.26606e-07  -6.3603e-08 -1.18475e-07  8.69659e-08
     0.68085 -6.25783e-10     0.257564   -0.0112619    -0.316892    -0.607911  3.92056e-05  2.36867e-15 -5.79281e-05 -2.96726e-06 -3.31582e-07  2.10065e-05
 -0.00331014 -2.99176e-13   -0.0032812  -0.00326447  -0.00324559  -0.00322774     0.513791  1.64695e-18    -0.834795    0.0692642     0.110265     0.148752
     0.44649   -1.778e-15     0.446925     0.447212     0.447536     0.447842   0.00328757  4.67656e-22  -0.00637108   0.00170719  0.000376642   0.00090683
-0.000501301 -9.02761e-15 -0.000508053 -0.000511958 -0.000516244 -0.000520593    -0.318746  1.15696e-21    -0.193768      0.77589      0.17518    -0.477661
 0.000358835 -5.47772e-15  0.000356188  0.000354377  0.000352287  0.000350367    0.0113635  8.43646e-22   0.00706866    -0.424592     0.810734    -0.402806
-5.26403e-05 -3.89887e-15 -5.32395e-05 -5.23971e-05 -5.13249e-05 -5.01414e-05    -0.781991  4.16884e-27    -0.408945    -0.196337      0.11609     0.411374
 1.46834e-08  1.06672e-17  -5.6853e-08  -4.0831e-08  4.27197e-09  1.10194e-07    -0.150895  1.32383e-37    -0.313441    -0.417574    -0.535152    -0.646707

-1.38554e-20 -5.15235e-20    -0.139964      0.30674      0.13816      1.02235   -0.0033212     0.446129 -0.000498654  0.000360997 -5.92549e-05 -5.96854e-08
 1.77101e-16 -3.98348e-18     -1.05815     0.109058   -0.0130833   0.00533971   -0.0471806 -6.76512e-05   0.00446719 -0.000150339    0.0133401  -0.00581119
-1.13209e-15 -6.90852e-16      67.6405      25.3762    -0.546865     -0.16697       1.5742  -0.00262406    -0.419587    0.0146781     -1.08343   -0.0196077
-3.58563e-20  1.52136e-21     -2.32042      3.86399      3.21112      2.64573 -0.000148897  -0.00277293  3.67305e-05  1.68676e-05 -1.31176e-05  1.77417e-07

