22.5913
35.4772
50.5402
68.3101
88.5002
 107.71

0.00254455

0.378939

-6.7117e-08  -0.0122456           0 -0.00133282  0.00366209  0.00996677

0.000141133  -0.0157353           0  0.00297017  0.00538367  0.00792942

       -nan
       -nan
0.000309212
0.000336035
0.000486633
  0.0120352
   0.123528
   0.426317
    1.33588
    1.40775
    4.22923
    37.0346

          0
          0
-0.00011006
0.000520361
 0.00156172
   -0.18311
 -0.0162351
    2.86842
 -0.0363677
  0.0179099
    1.16103
    61.5904

 0.00196347
-0.00241847
  0.0438085
  0.0261907

           0            0            0            0            0            0            0            0            0            0            0            0
           0            0            0            0            0            0            0            0            0            0            0            0
    -0.23587     0.470251 -2.35947e-08    -0.622304     0.555019    -0.167098 -1.72249e-05   2.1886e-05  2.42079e-16 -3.25184e-06 -1.81704e-06 -1.62489e-07
    0.387175    -0.616293 -3.55458e-09   0.00489912     0.583967    -0.359495 -2.49792e-05  3.38376e-05 -3.54379e-16 -4.80533e-06  -3.6319e-06 -7.91731e-08
   -0.503856      0.17736 -7.39754e-09     0.640919     0.199499    -0.513902  2.93161e-05 -3.50665e-05  -1.7576e-16 -3.67232e-08  1.57137e-06  3.41611e-06
    0.583901     0.409574  5.93106e-13   -0.0438075    -0.333184    -0.615111   0.00264324  -0.00317914 -2.22292e-22  4.55778e-05  0.000157691  0.000327892
  -0.0035804  -0.00291149 -3.94333e-13  -0.00105647  0.000221419   0.00136314     0.633278    -0.769427 -3.43213e-26    0.0305097    0.0462579    0.0620198
    0.446807     0.447025 -1.64245e-14     0.447233     0.447353     0.447642    0.0016502  -0.00207744 -1.64925e-32 -0.000285861  0.000433991  0.000155912
-0.000159743  -0.00013851 -6.23112e-15   -8.877e-05 -6.22794e-05 -2.29272e-05     0.261412     0.214711 -4.68907e-33    -0.775726    -0.171863     0.504258
 0.000172283  0.000176735  1.06272e-14    0.0001856  0.000191129  0.000197845   -0.0115293  -0.00908164 -2.31914e-33     0.431206    -0.810029     0.397113
-7.08666e-05 -6.86692e-05  2.30897e-15 -5.96134e-05 -5.44043e-05 -4.95163e-05    -0.712103    -0.556057 -1.17771e-40    -0.173146     0.108859     0.376669
  2.2245e-06  2.29353e-06  6.78807e-17   2.0756e-06  1.83475e-06  1.05435e-06     0.152935     0.229316            0     0.425911      0.54802     0.665056

 8.13152e-20 -3.80106e-20    -0.201538      0.68058    -0.563713     0.883904  -0.00475297      0.44655 -0.000190973  0.000165481 -8.28623e-05  2.26054e-06
-4.61336e-16  -4.8305e-18     0.178874     0.508808     0.111453    0.0184854   -0.0989048  6.49015e-06  -0.00364769  0.000175475    0.0120697   0.00590535
 -5.3584e-16  1.71569e-15     -7.10331     -10.2737     -2.84295    -0.403995      2.83188  -0.00201226     0.344048   -0.0154065     -0.98505    0.0194357
 5.42101e-20  2.20229e-20     0.127126     0.694834      3.29259      2.29972  -0.00926948  -0.00161937 -0.000253032 -4.27511e-05 -4.90604e-05 -1.08453e-06

