22.5913
35.4772
50.5402
68.3101
88.5002
 107.71

-0.00254099

0.379935

-0.00910523 -0.00383399 -0.00140636  0.00419077  0.00289099  0.00726953

 -0.0156083 -0.00575137   0.0109892  0.00231308  0.00363239  0.00474076

0.000185449
0.000310253
0.000344571
0.000567368
  0.0121299
  0.0425661
   0.282808
   0.473616
    1.34967
    1.40695
     4.4852
    38.8248

0.000160221
0.000473114
0.000943064
 0.00145378
  -0.188201
-0.00325073
 0.00985019
    2.63167
  0.0220905
 -0.0109482
   -1.28408
   -64.6916

-0.00268413
-0.00459204
  0.0986816
 -0.0273205

   -0.126713     0.381949    -0.574815     0.592789    -0.380421     0.107366 -0.000115145  0.000212621   -9.616e-05 -2.21817e-06  1.58792e-07  4.30488e-07
    0.111432    -0.427555     0.441085      0.23696     -0.67518     0.313376  0.000158293 -0.000301154  0.000147696 -2.75521e-06 -1.89223e-06 -2.51406e-07
    -0.32454      0.59479     0.203608    -0.521218    -0.312834     0.360429 -3.70531e-05   8.0262e-05 -4.57419e-05  4.28234e-07  1.00901e-07  2.16193e-06
    0.637699    -0.121231    -0.489427     -0.38495   -0.0728604     0.430823  0.000116255 -0.000173129  4.90689e-05  7.43106e-07  2.06989e-06   6.6309e-06
   -0.541296    -0.369212    -0.165562    0.0768105     0.359714     0.638705   0.00330582  -0.00459863  0.000806314  3.28949e-05  0.000150816  0.000293906
  0.00201604   0.00165109 -3.31392e-06  -0.00105312  -0.00257241  -0.00438866     0.440547    -0.815654     0.374957  9.12201e-05  0.000135874 -2.59697e-05
 -0.00262579  -0.00236959   -0.0020761  -0.00169919  -0.00123021 -0.000775672    -0.556248    0.0693867     0.804539   -0.0679661    -0.108943    -0.148258
    0.408078      0.40806     0.408192     0.408278     0.408454     0.408394   -0.0021728  -0.00155972   0.00390088   0.00128417  0.000580869  -0.00209548
 -0.00103049  -0.00101605    -0.000998 -0.000973556 -0.000950234 -0.000917505    -0.213312    -0.175014    -0.130398     0.783142     0.207386    -0.500538
-0.000280384 -0.000279859 -0.000278246 -0.000278404 -0.000275252 -0.000272393    0.0142576    0.0117732    0.0086474     -0.45139     0.804582    -0.385329
-8.41087e-06 -2.81935e-06  2.77141e-06  9.00161e-06   1.5201e-05  2.05743e-05     0.655266     0.501192     0.320368     0.116363    -0.159126    -0.421825
 9.25936e-06  9.51006e-06  9.79122e-06  9.91469e-06  1.00976e-05  9.76339e-06    -0.146327    -0.218878    -0.303964    -0.405924    -0.521967    -0.633295

   -0.423351     -0.11364     -0.46209     0.711589    -0.836518   0.00371702  -0.00308425     0.407977  -0.00105907 -0.000282074 -1.14588e-05   8.6506e-06
   -0.613658     0.122677   -0.0533894    -0.129803    0.0221789  -0.00298327    0.0476739  0.000187889   0.00295201 -0.000199939   -0.0119291    -0.005618
     25.8327     -3.55282     0.716559      4.15955     -0.47949    0.0864532     -1.63197  -0.00870943    -0.279877    0.0187375     0.925086   -0.0192752
    0.909551    -0.431879     -2.04046     -2.38458      -2.2632    0.0119072  -0.00346984 -0.000865188 -0.000214257 -1.33691e-05 -5.14277e-05 -4.14958e-06

