22.5913
35.4772
50.5402
68.3101
88.5002
 107.71

-0.00028672

0.380248

          0  -0.0102655 -0.00381263 -0.00309224  0.00448483    0.012687

-1.34908e-15   -0.0212669   0.00788988   0.00226149   0.00446744   0.00744691

          0
          0
4.91761e-05
 5.6244e-05
6.62379e-05
 0.00947768
   0.178905
   0.507726
     1.2908
    1.40917
    3.33631
    38.2979

           0
           0
-1.60206e-07
 1.89731e-08
 2.18543e-05
   0.0191511
  0.00291076
     2.58649
  -0.0622657
 -0.00186051
   -0.924891
     63.6458

-0.000160461
 -0.00143994
   0.0590311
 -0.00017975

           0            0            0            0            0            0            0            0            0            0            0            0
           0            0            0            0            0            0            0            0            0            0            0            0
           0    -0.143282     0.596687    -0.738817     0.278452   0.00696115  1.12912e-08 -1.14706e-07  1.27185e-07  1.37109e-07 -9.55693e-09 -1.11093e-07
           0     0.350649    -0.516329    -0.228732     0.687284    -0.292868  3.03414e-08  7.82665e-07  -7.8999e-07  3.91145e-08  1.78801e-07 -5.16539e-08
           0    -0.545347     0.250224     0.448165     0.385769    -0.538809 -1.11804e-09 -2.43422e-06  2.22695e-06 -1.67669e-07  1.16811e-07 -1.42425e-07
           0     0.599705     0.339203    0.0317346    -0.317813    -0.650603 -6.02884e-13 -5.11737e-05  6.75261e-05  1.00246e-05 -1.09088e-05 -1.17504e-05
           0   -0.0023357  -0.00231841  -0.00229375  -0.00226458  -0.00223587   3.5514e-16    -0.599116     0.791331   -0.0374034   -0.0667278   -0.0947526
           0     0.446609     0.446869     0.447175     0.447521     0.447856  9.72456e-19  -0.00240069   0.00454153 -0.000893216  -0.00207469  0.000889892
           0 -0.000808263 -0.000811259 -0.000815275 -0.000819489 -0.000823934  6.77426e-17     0.345735     0.258463      -0.7731    -0.200737     0.419144
           0  0.000743811  0.000742049  0.000739882   0.00073744  0.000735564  4.34985e-17    0.0111662   0.00826395     -0.42256     0.810401    -0.405582
           0   -4.305e-05 -4.10142e-05 -3.91717e-05 -3.75379e-05 -3.61067e-05  1.26283e-19     0.686771     0.459691      0.22969    -0.141698    -0.494161
           0  1.16117e-05  1.16813e-05  1.17756e-05  1.19062e-05  1.20791e-05  7.94395e-30     0.223033     0.309173     0.411827     0.527654      0.63769

-2.71051e-19  2.24104e-20    -0.112956     0.350726    -0.492097      1.21333  -0.00239738     0.445994 -0.000798302  0.000747934 -4.18664e-05  1.15658e-05
-5.67037e-17 -3.79728e-18      1.30158    -0.628367     0.591777  -0.00164314    0.0877219 -8.44796e-05  -0.00580579 -0.000189701   -0.0150956   0.00572649
 6.95587e-16 -2.71462e-16     -53.3403      30.1713     -28.1912   0.00447298     -3.68679   0.00395463     0.551596    0.0178636      1.22258    0.0197464
 5.42101e-20 -1.20123e-20    -0.780253     0.173828      1.62983      3.02486 -0.000248645    -0.003025   3.9828e-05  2.01744e-05 -1.10763e-05 -4.07042e-07

