22.5913
35.4772
50.5402
68.3101
88.5002
 107.71

-0.00028672

0.380248

-3.79057e-09    -0.015285  -0.00688628   0.00387969    0.0182987            0

0.000325823  -0.0327836   0.0195442  0.00515067  0.00914107           0

          0
3.26793e-09
5.07938e-05
5.70453e-05
8.83301e-05
 0.00857563
  0.0462723
   0.414941
   0.507472
    1.38779
    3.79889
    30.1128

          0
          0
 1.0773e-05
7.19404e-06
3.21075e-05
  0.0167114
 -0.0283078
  0.0798503
   -2.59625
   0.034745
   -1.43295
    49.4062

 -0.00020162
 -0.00017746
  -0.0027627
-0.000287778

           0            0            0            0            0            0            0            0            0            0            0            0
           0            0            0            0            0            0            0            0            0            0            0            0
  -0.0063385     0.166111    -0.606973     0.725577    -0.278368  6.12767e-09 -2.37454e-05  4.38703e-05 -2.00644e-05 -1.16481e-07  1.58849e-08            0
    0.167327    -0.691241     0.456576      0.41014      -0.3428  8.14257e-10  1.95551e-05 -3.69691e-05  1.74112e-05 -9.05143e-08 -1.23672e-10            0
   -0.656855     0.425799     0.469845     0.143251    -0.382049 -1.01028e-10 -1.87797e-05  3.03131e-05 -1.21846e-05 -1.38527e-07 -2.48777e-07            0
    0.583833     0.336886    0.0489312    -0.290907    -0.677218 -2.20052e-14  0.000494309 -0.000920233  0.000431299  9.24791e-06 -9.97503e-06            0
 -0.00556374  -0.00519774  -0.00496641  -0.00452334  -0.00412928 -6.56792e-15      0.43777    -0.815569     0.378264 -8.13995e-05 -0.000428135            0
  0.00514234   0.00514258   0.00514585   0.00515045   0.00515737  2.30431e-17     -0.51438    0.0957346     0.801733    -0.153675    -0.244384            0
   -0.446749    -0.446926    -0.447127    -0.447357    -0.447627  1.29269e-19   -0.0108668   0.00987686   0.00504921  -0.00140754  -0.00290339            0
 0.000168313  0.000171114  0.000174715  0.000179169  0.000184005  3.56464e-19    -0.146837    -0.114674   -0.0777021     0.833253    -0.514723            0
-8.15434e-05 -7.91721e-05  -7.7596e-05 -7.62482e-05 -7.51484e-05  1.93619e-22     0.695667     0.479164      0.22745   -0.0848967    -0.476978            0
 1.58951e-05  1.60105e-05  1.61162e-05  1.62511e-05  1.64287e-05  8.55917e-31      0.19529      0.28781     0.395403     0.524274     0.669194            0

-6.35029e-20  2.39028e-20    0.0986317   -0.0984382   0.00222664      1.01567  -0.00601363   0.00512874    -0.446452  0.000161741 -7.76246e-05  1.59569e-05
 4.33869e-16  1.34953e-17     -1.00921    -0.207346     0.623477  -0.00249458 -0.000459463    0.0467134  0.000602227   0.00246879   -0.0167573   0.00716159
 2.54721e-16  4.63324e-16      29.5323      4.56873     -21.2903    0.0612114    0.0045912     -1.56809   -0.0170295     -0.20235      1.07424    0.0335102
 4.20009e-20 -1.96786e-21     0.639946     0.995194      2.31972      3.34469  -0.00376218  -5.1299e-05   0.00233045  -4.2592e-05 -7.37937e-06 -6.08671e-07

