22.5913
35.4772
50.5402
68.3101
88.5002
 107.71

-0.00254099

0.37993

-1.09866e-07   -0.0111467            0   -0.0045999   0.00663815    0.0090933

0.000202732  -0.0155227           0  0.00253028  0.00567722  0.00790575

       -nan
3.24744e-07
0.000341925
0.000444013
0.000543429
  0.0119234
   0.126122
    0.43234
    1.33538
    1.40684
    4.22479
    36.9892

           0
           0
 0.000533144
-0.000753295
 -0.00159528
     0.18531
    0.014829
      2.3886
   0.0283111
   0.0117302
    -1.12577
    -61.7563

-0.00242928
-0.00363007
  0.0679753
 -0.0259096

           0            0            0            0            0            0            0            0            0            0            0            0
           0            0            0            0            0            0            0            0            0            0            0            0
   -0.254765     0.241064  7.14464e-08     0.476625    -0.752261     0.289682 -1.15354e-05  1.54959e-05 -1.69477e-16 -3.95476e-06 -1.23706e-06  6.81468e-07
    0.299828    -0.693077  3.09635e-08     0.619695   -0.0131953    -0.213429  4.00508e-05 -4.95387e-05 -2.66753e-16   1.7117e-06   3.6032e-06  3.94552e-06
   -0.551541     0.307318 -5.13494e-09     0.432231      0.35137    -0.539513 -6.40755e-05  7.29855e-05 -6.58441e-17 -1.02161e-06 -1.57226e-06 -7.90477e-06
    0.584125     0.409041 -1.32512e-10   -0.0443201    -0.331985    -0.615868  -0.00218181   0.00263237 -5.54903e-23 -2.60189e-05 -0.000141194 -0.000274106
-0.000660571 -0.000216534 -2.01993e-12   0.00140716   0.00238621   0.00341377    -0.633112     0.769555 -3.87827e-26    -0.030547   -0.0466881   -0.0618185
    0.446986     0.446959  1.23699e-13     0.447231     0.447491     0.447383   0.00120509  -0.00265867 -3.65116e-33   0.00132301   0.00149054  -0.00140088
 -0.00106439  -0.00104826 -2.96053e-14  -0.00100333  -0.00097961 -0.000943292    -0.262873    -0.215495 -1.80166e-34     0.771846     0.178569    -0.506775
 0.000521892  0.000522543  5.30301e-14  0.000521754  0.000519457  0.000516288   -0.0132327   -0.0110184 -1.96559e-34     0.437498    -0.808636     0.392944
-5.75713e-06 -1.84305e-07  -6.2695e-16   1.1776e-05  1.75854e-05  2.28143e-05     0.711784     0.555656 -3.71411e-40     0.174787    -0.108021    -0.377348
  9.8763e-06  1.01656e-05 -1.15768e-16  1.05725e-05   1.0803e-05  1.04753e-05    -0.152478    -0.229038            0    -0.425868    -0.548061    -0.665251

-3.79471e-19  8.54874e-21    -0.535144     0.120091    -0.518855     0.884811  -0.00172042      0.44688  -0.00109471  0.000523055 -8.44013e-06  9.27083e-06
 8.84344e-16  5.61911e-19    -0.222838    -0.739257     0.189286   -0.0243929    0.0962324  0.000147778   0.00366675  0.000181961   -0.0120611  -0.00591389
 1.55786e-15 -1.66751e-15      8.24367      19.9957     -4.58374     0.546546     -2.76436  -0.00810134    -0.345984   -0.0174146     0.984496   -0.0188287
-3.25261e-19  7.74921e-21     0.741748      1.22806      2.37835      2.30185  -0.00760876  -0.00107398  -0.00022752  7.06646e-06 -5.02153e-05 -4.44651e-06

