12
4

22.5913
35.4772
50.5402
68.3101
88.5002
 107.71

0.000853971

0.379806

          0  -0.0127807  -0.0029007 0.000162043   0.0053846   0.0101335

6.26725e-16  -0.0232959  0.00999363  0.00270409  0.00469858  0.00661447

          0
          0
4.30311e-05
 5.9226e-05
0.000107097
 0.00959221
   0.180151
   0.506423
    1.29009
    1.41092
    3.34434
     38.269

      0
1.20748
1.22043
1.23569
1.25305
1.26959
      0
13.5105
19.2285
26.0225
33.7048
41.0218

          0
          0
1.05003e-05
7.88316e-06
6.80154e-05
 -0.0474514
  -0.020813
   -2.76748
  0.0528705
 -0.0116656
   0.917863
   -63.6191

-3.94625e-05
-0.000206222
-0.000419996
  0.00109762

           0            0            0            0            0            0            0            0            0            0            0            0
           0            0            0            0            0            0            0            0            0            0            0            0
           0  -0.00220262     0.123921     -0.54587     0.758297     -0.33414 -5.85415e-08  1.74155e-06 -2.30383e-06 -4.49565e-08  1.34823e-07  3.56539e-07
           0     0.242933    -0.733601     0.460859     0.323106    -0.293298 -1.21145e-08 -1.19147e-06  1.71883e-06 -8.39147e-08 -2.43547e-07 -2.41728e-07
           0    -0.618562     0.362777     0.537227     0.139964    -0.421392 -1.27518e-09  7.41863e-08 -7.29045e-07 -1.92427e-08 -1.43625e-09  1.00388e-07
           0     0.598988      0.33928    0.0323439    -0.317446    -0.651371  1.82221e-14  0.000301379 -0.000413804  2.30721e-05  3.16684e-05   5.3951e-05
           0  -0.00105871 -0.000928067 -0.000765703 -0.000589477  -0.00041537 -1.16767e-15     0.599103    -0.791372    0.0376931    0.0667526    0.0944805
           0    -0.446736    -0.446937    -0.447184    -0.447465     -0.44774  6.59635e-20  -0.00134032   0.00106628   0.00108103  0.000139583 -0.000880211
           0  0.000632506  0.000633737  0.000635277  0.000637368  0.000638985  1.14617e-18    -0.345615    -0.257964     0.770799     0.205199    -0.421622
           0   3.3308e-06  1.73914e-06 -4.63331e-08 -2.16756e-06 -4.26542e-06 -1.11178e-16    0.0135646    0.0100145    -0.426732     0.809161    -0.403577
           0  -0.00010931 -0.000107418 -0.000104544  -0.00010137 -9.81697e-05 -2.22466e-22    -0.686908     -0.46008    -0.229903     0.142054     0.493405
           0  5.37832e-06  5.29342e-06  5.25856e-06  5.29743e-06  5.48969e-06 -5.25461e-32    -0.222703    -0.308885    -0.411694    -0.527747    -0.637954

 1.89735e-19  -3.8277e-20     0.316561      1.10348     -1.15068      1.20857  -0.00135246    -0.446246  0.000626055  6.78314e-06 -0.000119433  5.55273e-06
 6.86722e-16  1.32966e-17     -3.90214      2.12507     0.106268    0.0125841   -0.0868569 -2.01775e-05   0.00582708 -0.000225588    0.0150665  -0.00572486
-8.62239e-16  7.59014e-17      148.155     -89.9195      -2.0389    -0.376439      3.64961   0.00125219    -0.552188    0.0214767     -1.22177   -0.0194514
-5.42101e-20  2.66286e-20      3.03259      5.19921      4.52221      3.00028  -0.00149765    0.0024038 -1.99021e-05  1.70935e-05 -3.25328e-05  1.29924e-06

