12
4

22.5913
35.4772
50.5402
68.3101
88.5002
 107.71

0.00254448

0.378803

-1.28644e-07   -0.0184432    0.0021866   0.00399077    0.0123626            0

0.000228009  -0.0347083    0.022073  0.00519941  0.00834235           0

          0
5.49911e-09
0.000269216
0.000426092
0.000528297
 0.00875594
  0.0439516
   0.411544
   0.426246
    1.38618
    3.83185
    30.1412

 1.1743
1.20729
1.24604
1.29202
1.34479
      0
8.57522
13.4766
19.2051
26.0589
33.8578
      0

           0
           0
-0.000668095
 0.000581642
  0.00105567
   -0.134707
  0.00249626
    0.292592
    -2.78654
  -0.0379908
     1.41003
     49.4713

  0.0014815
-0.00332885
   0.077226
  0.0210638

           0            0            0            0            0            0            0            0            0            0            0            0
           0            0            0            0            0            0            0            0            0            0            0            0
   -0.274615     0.751785    -0.593288    0.0386946    0.0769263 -1.81993e-10  0.000301952 -0.000562861  0.000261525  2.48402e-08 -7.27719e-07            0
  -0.0481451    -0.147243    -0.171304     0.846423    -0.479818   9.2426e-12 -0.000121287  0.000237872 -0.000122698  3.88656e-06  2.55892e-06            0
   -0.623589      0.31418     0.644936   -0.0257669     -0.30955  1.11394e-12  6.17376e-05 -9.63415e-05  2.35403e-05  4.41057e-06  5.57384e-06            0
    0.577498      0.33818    0.0539326    -0.285165    -0.684026 -7.42231e-14   0.00160712  -0.00264434  0.000880925  3.69779e-05   0.00011624            0
 -0.00128894  -0.00136884  0.000422952   0.00144648   0.00233856  2.29611e-15     0.442197    -0.816044     0.372185  0.000696878    0.0011712            0
   0.0386127    0.0385509    0.0384335    0.0383279    0.0381517 -1.43378e-16    -0.510965    0.0882015     0.801361    -0.151373    -0.242206            0
   -0.445432    -0.445618    -0.445349    -0.445665    -0.445738 -1.09066e-17   -0.0436517   0.00710782    0.0693951   -0.0133586   -0.0207163            0
 0.000146225  0.000154445  0.000162179  0.000173627   0.00018232 -2.43164e-18      0.14812     0.116266    0.0788871    -0.834168     0.512331            0
-3.03927e-05  -2.9154e-05 -2.62108e-05 -2.18703e-05 -1.78454e-05 -2.94928e-21    -0.694246    -0.480479    -0.230299    0.0809683     0.477043            0
 2.85757e-06  2.92176e-06  2.87519e-06  2.48886e-06  2.11212e-06 -2.94325e-29     0.193784     0.286108     0.393983     0.523942     0.671456            0

 1.04714e-19  1.91911e-21    -0.341881     -0.12709    -0.646068     0.990261  -0.00308009    0.0387287    -0.445247  0.000133858 -4.17797e-05  3.10545e-06
 3.12697e-16 -2.19252e-18     0.323266    -0.128105    -0.232514    0.0245507   -0.0046882    0.0466581   0.00381331  -0.00246978    0.0165318   0.00713341
-1.06324e-15  3.29907e-16     -15.4071      7.63563      5.26657    -0.528472     0.159969     -1.57009    -0.129558     0.203929     -1.06826     0.032491
 1.26526e-20 -4.87998e-20   -0.0463908      1.60559      1.59791      3.15744   -0.0115686   0.00102571   0.00102613 -0.000103814 -4.09604e-05 -3.41048e-07

