22.5913
35.4772
50.5402
68.3101
88.5002
 107.71

0.00254455

0.378939

-1.3185e-07           0  -0.0112191 -0.00693511  0.00488699    0.013242

0.000434557           0   -0.018089  0.00166641  0.00671371   0.0108405

          0
9.58109e-10
0.000518725
0.000550595
0.000650056
   0.011195
   0.279992
   0.426247
    1.31843
    1.40783
    3.85374
    37.9308

          0
          0
3.83729e-05
0.000794612
 0.00204618
  -0.169709
 -0.0507699
    2.88548
 -0.0426613
  0.0196989
    1.04361
    63.0955

 0.00209751
-0.00296278
  0.0451654
   0.025677

           0            0            0            0            0            0            0            0            0            0            0            0
           0            0            0            0            0            0            0            0            0            0            0            0
   -0.173914  1.50742e-07     0.428971     0.135652    -0.783164     0.392417  5.81756e-06  3.42722e-13 -1.65783e-05  7.23798e-06  5.16099e-06 -2.03064e-06
   -0.146402 -1.26159e-07     -0.35548      0.87994    -0.132798    -0.245501  6.24595e-06 -1.37713e-13 -9.68303e-06  1.50606e-06  1.74458e-06  6.40929e-07
   -0.545085  1.25882e-07     0.648794    0.0850442     0.264377    -0.452572  2.10853e-05  -8.1701e-13 -3.29378e-05 -3.10887e-07  2.58497e-06  8.29517e-06
    0.671955  3.35951e-10     0.262723  -0.00163848    -0.314654    -0.616798  0.000823266 -2.12189e-15  -0.00129615  3.45322e-05  0.000140858  0.000292693
 -0.00541697  -1.2524e-14  -0.00483138  -0.00440853  -0.00389783  -0.00341921     0.516631 -1.29157e-18    -0.833489    0.0677489      0.10842     0.148137
    0.446822  2.64269e-14     0.446808     0.447269     0.447327     0.447732   0.00502675 -1.42712e-21  -0.00821095  2.76601e-05   0.00188741   0.00120293
-0.000158486  7.25852e-15 -0.000118925 -9.27363e-05 -7.27483e-05 -3.07133e-05     0.320794 -2.36354e-21     0.197081    -0.776703    -0.175262     0.473568
 0.000452285  1.05699e-14  0.000459157  0.000464964  0.000468015   0.00047668   -0.0108237 -4.29259e-22  -0.00621675     0.422921    -0.811392     0.403268
-8.74719e-05 -3.26324e-16 -8.03322e-05 -7.32165e-05 -6.69255e-05 -6.06941e-05    -0.779598 -1.56459e-27     -0.41163     -0.20099     0.113426     0.411734
 1.88276e-06  -1.5077e-16  1.96981e-06  1.65926e-06  1.51304e-06  7.20227e-07     0.149223            0     0.311301     0.415793     0.535073     0.649336

  1.0842e-19  1.65436e-20    -0.271471    -0.353312    -0.487129     0.994214  -0.00588969     0.446541 -0.000186568  0.000446064 -0.000101558  1.96823e-06
 7.87509e-16  9.19373e-18   -0.0810567      0.12257    -0.066787    0.0223557   -0.0477932 -0.000136291  -0.00445172  0.000168132    0.0130999   0.00576768
 1.37003e-15 -6.89001e-16     -1.22032     -1.32305    -0.624266    -0.480681      1.60441   0.00306178     0.422285   -0.0147142     -1.07597    0.0188567
 5.42101e-20  -1.4929e-20    -0.242911      1.05548      1.44392      2.47122   -0.0037166  -0.00180271  -0.00023029 -3.73501e-05 -5.96979e-05 -1.02988e-06

