12
4

22.5913
35.4772
50.5402
68.3101
88.5002
 107.71

0.000853971

0.379806

  -0.0084629  -0.00482745 -0.000781703  0.000796593   0.00504864   0.00822758

 -0.0142814 -0.00720583   0.0108302  0.00222769  0.00376717  0.00501712

3.74201e-05
5.47449e-05
8.22096e-05
0.000179491
  0.0119888
   0.041173
   0.284532
   0.554658
    1.34885
    1.41111
    4.45686
    38.6917

1.19638
1.20748
1.22042
1.23569
1.25305
1.26959
8.61255
13.5043
19.2249
26.0204
33.7046
41.0225

 1.19084e-05
-1.30895e-05
 -3.1755e-05
-7.61808e-05
   0.0597046
    0.013978
 -0.00101125
     3.01494
  -0.0312036
    0.011458
     1.33681
    -64.1892

-8.81619e-05
 -0.00117493
    0.027525
  0.00109882

 -0.00188355    -0.010914     0.157438    -0.566791     0.742458    -0.320303 -4.84684e-06  9.47216e-06 -4.77663e-06 -8.21374e-08  1.36842e-08  1.19385e-07
   0.0647372    -0.352622     0.728774    -0.387273    -0.334167     0.280548  5.41547e-06 -9.78921e-06  4.31311e-06  -3.3041e-08  1.41287e-07  5.13981e-08
   -0.303474     0.732952   -0.0822471    -0.472502     -0.19507     0.320328 -6.92553e-06  1.15151e-05 -4.46955e-06 -6.33765e-08 -6.15216e-08 -1.74564e-08
    0.661458    -0.187073    -0.494457    -0.363052  -0.00565154     0.388781 -1.18045e-06  5.02674e-06 -2.59365e-06  1.66818e-07  1.77813e-07 -1.54409e-07
   -0.547609    -0.369994    -0.162135    0.0835588     0.363455     0.630756  -0.00140635   0.00209537 -0.000506866 -3.73341e-05 -5.20198e-05 -9.05371e-05
 0.000447684  0.000910632   0.00141082   0.00203087   0.00275758   0.00342173     0.441063     -0.81586     0.373911  0.000206805  0.000364056  0.000321317
 -0.00282813  -0.00292701  -0.00303931  -0.00317315  -0.00332475  -0.00347084    -0.554085    0.0694814      0.80557   -0.0692115    -0.110228    -0.149065
    0.407797     0.407944     0.408105     0.408297     0.408515     0.408731  -0.00595864   0.00441446   0.00467093  -0.00192356  -0.00120063 -0.000158332
-0.000727591 -0.000726818 -0.000725967 -0.000724811 -0.000723806 -0.000722593     0.210828     0.172511     0.127944    -0.779377    -0.212083     0.506963
-1.12288e-05 -9.61982e-06 -7.43217e-06 -5.04546e-06 -2.15535e-06  6.60201e-07   -0.0161394   -0.0133136   -0.0098114     0.457781    -0.802616     0.381719
-7.23539e-05 -7.22432e-05 -7.10855e-05 -6.92794e-05 -6.72355e-05 -6.52422e-05    -0.657086    -0.500801    -0.318091    -0.110962      0.16251     0.421346
 4.76272e-06  4.64872e-06  4.56642e-06  4.52752e-06  4.57221e-06  4.76389e-06    -0.148141    -0.220868    -0.305905     -0.40731    -0.521792    -0.630496

    0.267587    -0.580874    -0.696227     0.637953    -0.857845 -0.000339086  -0.00267253      0.40755 -0.000726671  -1.4431e-05 -7.93161e-05  4.81434e-06
   -0.672708   -0.0705238    -0.126438   -0.0369215  -0.00604995  0.000281492    0.0476559  9.86175e-05   -0.0029623  0.000220976    0.0121318  -0.00564622
     13.0096     -2.87461     0.454795      1.92349     0.131575 -0.000433041      -1.6233  -0.00585795     0.277527   -0.0210587    -0.931334   -0.0204981
     3.57275     -5.50843      -4.4484     -3.24793      -2.4006  -0.00597824   0.00127465  -0.00189132 -7.01901e-06 -2.36404e-05 -2.15382e-05   1.2666e-06

