22.5913
35.4772
50.5402
68.3101
88.5002
 107.71

-0.00199109

0.379766

-5.36565e-08  -0.00942075  -0.00454926  0.000630716            0    0.0133364

0.000230564  -0.0209565  0.00846079  0.00304832           0   0.0101204

          0
          0
0.000167746
0.000261511
0.000429897
  0.0113495
  0.0450583
   0.335789
    0.46195
    1.35515
    4.39567
    33.0798

           0
           0
-4.95731e-05
-0.000154267
-0.000641561
    0.135046
  -0.0262531
  -0.0262328
    -2.45579
   0.0347926
    -1.39099
     54.8496

-0.00124624
-0.00238911
  0.0443797
 -0.0132939

           0            0            0            0            0            0            0            0            0            0            0            0
           0            0            0            0            0            0            0            0            0            0            0            0
   -0.117094     0.447789    -0.731861     0.491871  9.45313e-11   -0.0906451 -0.000112211  0.000207717 -9.57643e-05 -3.00002e-07            0  2.41875e-07
    0.348857    -0.694408    -0.056071     0.595988  1.05724e-09    -0.194293  9.53343e-05 -0.000178244  8.25896e-05  5.36216e-07            0 -2.59206e-07
    -0.63323     0.112683     0.501249     0.418853  1.62628e-10    -0.399543  -3.8092e-05  5.11193e-05 -1.05399e-05 -5.27644e-07            0 -3.00949e-06
    0.513644     0.323594     0.100062    -0.165472 -9.00429e-14     -0.77074  -0.00258178   0.00394921  -0.00112457 -6.84599e-06            0  -0.00022369
 -0.00257601  -0.00306682  -0.00455159  -0.00565663 -2.67287e-15  -0.00857859     0.438257    -0.815512     0.377795 -0.000205934            0 -0.000359991
  0.00138492   0.00123371   0.00104667  0.000816883  2.73589e-16  0.000279789     0.559699   -0.0664044    -0.792308    0.0966997            0     0.212648
   -0.446956    -0.447057    -0.447159    -0.447223   -2.842e-19    -0.447532  -0.00394567   0.00848778  -0.00602254   0.00147218            0 -6.08955e-05
 0.000605336  0.000621506  0.000639274  0.000661822 -5.29577e-18  0.000714703    -0.206103    -0.170905    -0.129683     0.871293            0     -0.39031
-4.63984e-05 -4.14269e-05  -3.6684e-05  -3.1021e-05 -5.48787e-20  -2.0648e-05     0.649612     0.484074     0.290904    0.0658279            0    -0.504696
 4.48252e-06  4.64125e-06  4.88451e-06  5.35448e-06  -4.9596e-26  6.83705e-06     0.173698     0.258665     0.357825     0.476616            0     0.740081

-2.70415e-19   3.3723e-20    0.0580875     0.463167    -0.741299     0.842173 -0.000850701   0.00166589    -0.446839  0.000575659 -4.87039e-05  4.47486e-06
 4.85945e-17  2.87774e-18    -0.790153    -0.242766   -0.0377837    -0.017112  -0.00125107   -0.0476996 -2.97716e-05   0.00273622    -0.012795   0.00656954
 1.11963e-15  1.72076e-15      23.9495      6.71413     0.902338      0.37309    0.0198152      1.63776   0.00465523    -0.268177     0.938761    0.0252656
-1.04926e-19  3.60336e-20       1.4878      1.38066      2.58618        2.527    0.0119146    0.0021466   0.00119146 -0.000220455 -4.61329e-05 -1.04624e-06

