12
4

22.5913
35.4772
50.5402
68.3101
88.5002
 107.71

-0.000286609

0.380233

-2.11046e-09   -0.0109674   -0.0020517  -0.00217741            0    0.0151968

0.00021924 -0.0245877  0.0129447 0.00304821          0 0.00929232

          0
1.21445e-08
3.48412e-05
5.26213e-05
 9.1487e-05
  0.0108698
  0.0434919
    0.33712
   0.507498
    1.35314
     4.3731
    33.0476

1.17107
1.16743
1.16314
1.15805
      0
1.14675
 8.6211
13.5298
19.2478
26.0434
      0
41.0171

           0
           0
-1.83486e-06
 1.10689e-05
 4.54002e-05
   0.0213775
  -0.0221946
  -0.0297815
    -2.59506
   0.0368516
    -1.41219
     54.6491

-0.000182938
-6.73356e-05
 -0.00374701
 -0.00013103

           0            0            0            0            0            0            0            0            0            0            0            0
           0            0            0            0            0            0            0            0            0            0            0            0
  -0.0169356    -0.060055     0.620298    -0.753185 -1.47221e-07      0.20988    5.802e-06 -1.04985e-05  4.80814e-06 -7.36528e-09            0 -4.04128e-08
    0.138995    -0.744396     0.473137     0.377541  1.02434e-07    -0.245276  1.37028e-05 -2.63171e-05  1.23981e-05 -1.60511e-08            0  4.76369e-08
   -0.715407     0.370823      0.42669     0.246388  1.16175e-09    -0.328499 -1.06216e-05   1.4254e-05 -4.54748e-06  -1.1826e-07            0 -1.74682e-07
    0.518669     0.324078    0.0968918    -0.171245 -5.77938e-13    -0.766316  0.000738484  -0.00137193  0.000633142  1.38953e-05            0 -8.06361e-06
 -0.00470846  -0.00433427  -0.00400094  -0.00353456 -1.37342e-13  -0.00254129      0.43787    -0.815594     0.378154 -3.34962e-05            0 -0.000434785
 0.000475429  0.000479557   0.00048108  0.000481758 -5.38702e-17  0.000481989     0.558792   -0.0675354    -0.792413    0.0977838            0     0.213798
   -0.446706    -0.446893    -0.447106    -0.447359  1.33165e-17    -0.447919  -0.00338127   0.00670723  -0.00422505   0.00113906            0 -0.000204725
 0.000515961  0.000518782  0.000522407  0.000526761  2.50643e-16  0.000536562    -0.205704    -0.170057    -0.128936     0.870796            0    -0.392244
-4.39135e-06 -2.28031e-06 -8.42866e-07  3.92672e-07   2.2894e-17   2.3802e-06     0.650433     0.483333      0.28872    0.0628742            0    -0.505978
 1.22867e-05   1.2392e-05  1.24895e-05  1.26178e-05  6.87626e-25  1.30075e-05     0.175022     0.260131     0.359276     0.477701            0     0.737849

 8.43863e-19 -1.03996e-21    -0.224325   -0.0150458   -0.0590027     0.859272  -0.00526016  0.000483033    -0.446386  0.000508856 -1.03362e-06  1.23165e-05
 1.55241e-16  2.02238e-18      1.84653     0.268915     0.573601  -0.00263684  0.000270697   -0.0477359 -3.92734e-05   0.00274528   -0.0129435   0.00659296
-4.01482e-16  5.32052e-16     -56.1995     -11.5993     -20.0809    0.0541415   -0.0106859      1.63284   0.00319705     -0.26752      0.94283    0.0260814
-7.70932e-21  5.70437e-21     -3.10418      2.31885       2.2631      2.63839  -0.00441899 -4.11931e-06   0.00248858  -4.3693e-05 -7.03312e-06 -6.18249e-07

