12
4

22.5913
35.4772
50.5402
68.3101
88.5002
 107.71

-0.00254096

0.379856

-1.46719e-07   -0.0154624   0.00113872  -0.00222354    0.0164979            0

0.000348082  -0.0294383   0.0156089  0.00415148   0.0106824           0

          0
 6.8868e-09
0.000286795
0.000509713
0.000585742
  0.0086622
  0.0473674
   0.413187
   0.432637
    1.38529
    3.82571
     30.092

1.17579
1.14291
1.10429
1.05852
1.00577
      0
8.59786
13.5204
19.2627
 26.124
33.9596
      0

           0
           0
-4.91217e-05
 0.000328356
-0.000184553
    0.135419
   -0.029767
    0.273124
    -2.44071
  -0.0309012
     1.38123
    -49.6143

-0.00173831
-0.00458958
  0.0898724
 -0.0191216

           0            0            0            0            0            0            0            0            0            0            0            0
           0            0            0            0            0            0            0            0            0            0            0            0
   -0.202891     0.412022    -0.563026     0.629479    -0.275374  3.86507e-11 -0.000138354  0.000259266 -0.000121984 -1.76192e-06  2.28294e-06            0
   -0.166394     0.639716    -0.297305    -0.567134      0.39121 -2.07981e-10 -0.000296932  0.000563379 -0.000271056  2.90791e-06  2.34371e-06            0
   -0.629171     0.326863     0.626017   0.00116434    -0.324662 -1.69478e-10 -0.000114584  0.000183514 -5.89032e-05 -4.64423e-06 -6.64666e-06            0
    0.579095     0.338121    0.0521559    -0.286491    -0.682288 -1.04062e-12  -0.00143413   0.00237908 -0.000801162  -2.5732e-05 -0.000110755            0
 -0.00422264   -0.0039475  -0.00566322  -0.00658276   -0.0074191  1.37633e-14     0.440117    -0.815719     0.375146  5.12452e-05  0.000514739            0
   0.0589155    0.0588342    0.0587831    0.0586536    0.0585208  4.96344e-16     0.510424    -0.092259    -0.795429     0.149954     0.241885            0
   -0.443229    -0.443125    -0.443289    -0.443344    -0.443533  5.52078e-17    0.0622865  -0.00185969    -0.110059     0.019743    0.0319692            0
 6.93687e-05  6.01784e-05  5.22753e-05   3.7601e-05  2.78611e-05  3.43319e-17      0.14854     0.117179    0.0799447    -0.834445     0.511386            0
-9.58611e-05 -0.000101204 -0.000106535 -0.000112262 -0.000117422  6.24783e-21    -0.694603    -0.480236        -0.23    0.0793219     0.477187            0
 1.16856e-05  1.19757e-05  1.22367e-05  1.21945e-05  1.23758e-05  4.80199e-29    -0.193246    -0.285872    -0.393894     -0.52396    -0.671749            0

-6.48192e-19  4.64677e-20    -0.340203     0.134267    -0.508239     0.993357  -0.00252525    0.0590616    -0.443199  8.39888e-05 -9.41095e-05   1.1045e-05
 1.79926e-16 -3.04202e-18     -1.07418  -0.00201354     0.440114   -0.0310443  -0.00182048   -0.0461526    -0.005973  -0.00245285    0.0165417  -0.00714611
 1.29379e-15 -6.33532e-16      41.4937      2.05917     -12.8478     0.684874    0.0429334      1.55719     0.208163     0.204579      -1.0686   -0.0317776
 1.71101e-19 -3.66342e-20       2.5199    -0.676574       1.4544      3.16332    0.0101445  0.000964975  0.000551744  0.000112806  4.60972e-05  -4.5819e-06

