22.5913
35.4772
50.5402
68.3101
88.5002
 107.71

-0.00199109

0.379766

 -0.00696749  -0.00614473 -0.000783562   0.00209834   0.00318052   0.00861322

 -0.0152185 -0.00684116    0.011823  0.00215153  0.00364537  0.00475613

 0.00011454
0.000173237
0.000227232
0.000422602
  0.0123617
  0.0421125
   0.283818
   0.506073
      1.351
    1.40559
    4.46759
    38.7649

9.29015e-05
0.000162224
0.000265217
0.000631863
  -0.147421
-0.00459651
  0.0149059
    2.66444
 -0.0344037
  0.0130048
   -1.32565
    64.4481

-0.00137074
 -0.0026081
  0.0558862
 -0.0138785

  -0.0681059     0.262502    -0.495201      0.63028    -0.503612     0.174219  -3.1937e-05  5.82594e-05 -2.55062e-05 -1.23411e-06 -3.09984e-08  2.00504e-07
     0.13936    -0.470124     0.541893     0.069457    -0.599478     0.318929  8.29636e-05 -0.000153035  7.11194e-05 -6.54154e-07 -7.79804e-07  5.06526e-07
   -0.327487      0.62575     0.153608    -0.511583    -0.297335     0.357027  2.65717e-05  -4.4805e-05  1.77505e-05 -3.33852e-07 -8.03261e-08  9.04616e-07
    0.637507    -0.124182     -0.49388    -0.403963   -0.0281293     0.412636  8.88635e-05 -0.000139508  4.61985e-05  5.55259e-07  1.47844e-06  3.46649e-06
   -0.543921    -0.369577    -0.164368    0.0796222      0.36186     0.634998   0.00348142  -0.00524997      0.00139  9.47434e-06  0.000114455  0.000241388
  0.00244077   0.00155168  9.62178e-05  -0.00125934  -0.00307816  -0.00504394     0.439062    -0.815505     0.377003 -0.000138618 -0.000165827 -0.000255616
 -0.00175804  -0.00155519  -0.00130869  -0.00100673   -0.0006439 -0.000291802    -0.556654      0.07199      0.80384    -0.068248    -0.109575    -0.148731
    0.407943     0.408043     0.408162     0.408262      0.40847     0.408592 -0.000207997  -0.00130277    0.0031643  -0.00152168  4.20031e-05 -9.63776e-05
-0.000457911 -0.000473897 -0.000492774 -0.000516311 -0.000542067 -0.000571136     0.210843     0.173075     0.128789    -0.767651    -0.233463     0.514985
 0.000331198  0.000331411  0.000330446  0.000330944  0.000330128  0.000329277   -0.0203818   -0.0168737   -0.0126842     0.477673    -0.797316     0.367768
-4.67331e-05 -4.18944e-05 -3.72895e-05 -3.18159e-05 -2.64276e-05   -2.169e-05     0.656335     0.501142     0.319345     0.112402    -0.159707    -0.421852
 3.30606e-06  3.43909e-06  3.64848e-06  4.01002e-06  4.48069e-06  5.28152e-06     0.147321       0.2199     0.304908     0.406504     0.521794     0.632026

   -0.229087    -0.119802    -0.727397     0.749277    -0.845447   0.00440666  -0.00212373     0.407795 -0.000426509  0.000332356 -4.88632e-05  3.30029e-06
   -0.537053   -0.0838225   -0.0222615   -0.0609818     0.015678  -0.00134788    0.0477587  6.88388e-05  -0.00292905  0.000279683    -0.012027   0.00562666
      24.427      4.26932    -0.249003      2.32119    -0.343157    0.0363748     -1.63111  -0.00406423     0.276971   -0.0267287     0.928257    0.0201036
    0.180236     -2.05522     -2.86429     -2.74779     -2.31934    0.0146865    -0.002839  -0.00133488  0.000229994  4.57321e-06 -4.45172e-05 -8.58927e-07

