12
4

22.5913
35.4772
50.5402
68.3101
88.5002
 107.71

-0.001991

0.37967

-5.5021e-08  -0.0102459 -0.00423231           0  0.00329119   0.0111818

0.000192599  -0.0197972  0.00700464           0  0.00547304  0.00786701

 1.0592e-12
4.61509e-08
0.000193599
0.000215802
0.000382475
  0.0123078
  0.0439901
   0.301115
   0.461955
    1.39074
    4.43617
    35.4237

 1.16768
 1.14194
 1.11177
       0
 1.03508
0.995874
 8.59831
 13.5074
 19.2397
       0
 33.8283
 41.2667

           0
           0
  9.1557e-05
 0.000339733
-0.000543251
    0.146854
  -0.0205227
  -0.0190637
    -2.43775
 -0.00622433
    -1.27576
     58.9255

-0.00124156
-0.00226376
  0.0417773
  -0.013255

           0            0            0            0            0            0            0            0            0            0            0            0
           0            0            0            0            0            0            0            0            0            0            0            0
   -0.254337     0.761814    -0.592481   1.2756e-08    0.0301448    0.0548574 -0.000101077  0.000192189 -9.28005e-05  4.95725e-17  1.02149e-06  5.16185e-07
  -0.0832188     0.139333     0.222636 -2.48557e-09    -0.804657     0.525948  0.000123521  -0.00023014  0.000107951 -1.33058e-16 -1.77122e-06  4.19366e-07
   -0.669138     0.272803     0.614208 -1.54865e-09    0.0870493    -0.304964 -4.66092e-05  6.77104e-05 -1.81376e-05  4.40411e-19 -1.21348e-06 -2.55078e-06
    0.530041     0.354962     0.149085 -5.53883e-13    -0.379217    -0.653445  -0.00327178   0.00488483  -0.00124525  2.76072e-28 -0.000113326 -0.000241017
-0.000883431  -0.00166076  -0.00318939 -1.37313e-13  -0.00590952  -0.00792812     0.438433    -0.815552     0.377545  6.39936e-30 -0.000148947 -0.000306498
  0.00190656   0.00170348   0.00146295 -9.85827e-15   0.00080191  0.000460548     0.569319   -0.0610009    -0.792674  2.19926e-38     0.123974     0.168649
    -0.44687     -0.44699    -0.447112 -6.69625e-17    -0.447438    -0.447563  -0.00225926   0.00694514  -0.00556422  5.87206e-43  0.000244096  0.000601711
 9.37492e-05  8.58953e-05  7.50411e-05 -4.32579e-17  5.06578e-05  3.44959e-05    0.0928422    0.0774633    0.0596774  3.66067e-46    -0.800702      0.58369
-4.35944e-05 -3.88714e-05 -3.44204e-05  7.14003e-17 -2.38459e-05 -1.92211e-05      0.67022        0.517     0.338116  5.98126e-54    -0.131247    -0.389831
 2.26689e-06  2.40675e-06  2.63262e-06  5.24123e-21  3.54999e-06  4.41615e-06      0.16069     0.240401     0.333483            0      0.57121     0.692022

 1.55801e-19  2.40246e-20    -0.203289    -0.403444      -0.8258      0.83294   0.00101782   0.00227024    -0.446728  0.000110702 -4.54988e-05  2.27379e-06
 3.15306e-16  3.26078e-19     -0.21596     0.415815    0.0367956   -0.0160322  -0.00116228   -0.0479058 -0.000140052  -0.00118372   -0.0118451   0.00616477
 1.46032e-15  1.09544e-15      7.90088     -7.19418     -1.30004     0.348882    0.0193717      1.65036   0.00845685     0.119596     0.937909     0.021394
 9.03149e-20  2.56757e-21    -0.946046     -2.99673      2.43596       2.3304    0.0139058   0.00281738   0.00140477  0.000120044 -4.34638e-05 -8.21198e-07

