22.5913
35.4772
50.5402
68.3101
88.5002
 107.71

-0.00142174

0.378929

-0.00827172 -0.00553983 0.000536216 0.000660471  0.00420472  0.00840634

 -0.0159315 -0.00625583   0.0123008  0.00195437   0.0034339  0.00481383

7.01792e-05
9.72955e-05
0.000144366
0.000305445
  0.0121591
  0.0417953
   0.284244
    0.53302
    1.35129
    1.40634
    4.46116
     38.739

6.21208e-05
4.82858e-05
7.07588e-05
0.000183277
  -0.104945
-0.00160505
 0.00980112
    2.70692
  0.0295563
  0.0080018
   -1.31635
   -64.1658

-0.000692865
 -0.00150619
   0.0330515
 -0.00548501

  -0.0175817    0.0966936    -0.286431     0.608309    -0.678953     0.277996 -3.60064e-06  6.87495e-06 -3.10553e-06 -4.69738e-07  3.90648e-08  1.24298e-07
   0.0959209    -0.426274     0.696165    -0.221696    -0.436002     0.291886  4.40811e-05 -8.23366e-05  3.90329e-05 -2.94645e-07 -2.53052e-07   -1.497e-07
   -0.329613     0.695171    0.0351902    -0.501492    -0.223758     0.324489 -1.52728e-05  2.95037e-05 -1.42535e-05 -1.65063e-07 -2.48799e-07  2.83086e-07
    0.645983    -0.149652    -0.488772    -0.394808   -0.0191651     0.406414  3.82349e-05 -5.88941e-05  2.03928e-05 -8.34264e-08  9.71157e-07  6.22489e-07
   -0.545988    -0.369814    -0.163007    0.0821706     0.362856      0.63255   0.00276486  -0.00431447   0.00128511  3.36794e-05  6.96307e-05   0.00015713
   0.0024079   0.00163742  0.000442534 -0.000762239  -0.00223271  -0.00371626     0.438313    -0.815485     0.377938  -0.00012445 -0.000251982 -0.000425952
  -0.0023666  -0.00222241  -0.00205049  -0.00183984  -0.00159627  -0.00136214    -0.556716    0.0732911     0.803529   -0.0684904    -0.109762    -0.149255
    0.407968      0.40806     0.408166     0.408274     0.408433     0.408559  -0.00227433 -0.000466024   0.00403919  5.43927e-05   0.00017422  -0.00143515
-0.000358498 -0.000351772 -0.000343872 -0.000334095 -0.000323232 -0.000311353    -0.211476    -0.173466    -0.129205     0.792559     0.188972    -0.494604
 0.000290518  0.000286276   0.00028197  0.000277381  0.000271651  0.000266496     -0.00989  -0.00808855  -0.00593107     0.434671    -0.808643      0.39618
-6.43951e-05 -6.13889e-05 -5.90383e-05 -5.65975e-05  -5.4586e-05 -5.29407e-05     0.656723     0.500845     0.318506     0.112222    -0.161593    -0.421565
 1.21407e-06  1.16633e-06  1.12857e-06    9.915e-07  7.42181e-07  2.70068e-07    -0.147756    -0.220434     -0.30547    -0.406973    -0.521752    -0.631199

   -0.286685    -0.304262    -0.917065     0.722566    -0.852489   0.00405182  -0.00263124     0.407822 -0.000371638  0.000297939 -6.24788e-05  1.10152e-06
   -0.164741     0.191989     0.178764   -0.0817368    0.0115252 -0.000303933    0.0477541  0.000123641   0.00294428   0.00013781   -0.0120893  -0.00563899
      14.136     -4.40253     -5.84692      2.77033    -0.259853   0.00794907     -1.62969  -0.00616858    -0.277885   -0.0130139     0.929991   -0.0202775
     -2.3167     -3.88963     -4.00983     -2.95053     -2.36644    0.0122095  -0.00198424  -0.00120367 -9.60823e-05  4.54432e-05 -1.63281e-05 -5.07526e-07

