22.5913
35.4772
50.5402
68.3101
88.5002
 107.71

0.0014215

0.380116

-4.43403e-08   -0.0109779  -0.00348687   0.00129462            0    0.0131674

0.000192206  -0.0259353   0.0142378   0.0038743           0  0.00854172

       -nan
          0
0.000116301
0.000143034
0.000311999
  0.0111497
   0.043029
   0.337044
   0.486482
     1.3517
    4.39111
    33.1018

           0
           0
-2.71193e-05
 0.000118743
 0.000416551
   -0.093928
  0.00113397
   0.0556455
    -2.77869
  -0.0316552
    -1.40163
     54.7608

 0.000287409
-0.000497371
  0.00230916
  0.00545743

           0            0            0            0            0            0            0            0            0            0            0            0
           0            0            0            0            0            0            0            0            0            0            0            0
    -0.16922     0.585328    -0.718173     0.334553 -7.11613e-09   -0.0325081  9.91298e-05 -0.000182896  8.36118e-05  7.90921e-08            0  1.97588e-07
    0.284987    -0.571556    -0.192426     0.708739  1.06267e-09    -0.229711  2.43417e-05 -4.25442e-05  1.80994e-05  2.98465e-07            0  1.24943e-07
   -0.651188     0.161238     0.487403     0.396541  3.66633e-10    -0.393891   7.9769e-05 -0.000144264  6.14819e-05  4.02559e-07            0  1.25539e-06
    0.516021     0.323784    0.0984853    -0.168746  1.61026e-14     -0.76857   0.00185906  -0.00280549  0.000769461  3.11789e-05            0    0.0001525
 -0.00147981  -0.00109408 -0.000113615  0.000527123  1.47561e-14   0.00283518     0.441332    -0.815929     0.373462  0.000476845            0  0.000742083
  0.00402061   0.00390178   0.00376155   0.00359458 -6.21931e-16   0.00321124    -0.556627    0.0623459     0.794543   -0.0974994            0    -0.213087
   -0.446996    -0.447062    -0.447128    -0.447247 -3.19867e-19    -0.447558  -0.00450486   0.00024928   0.00668462 -0.000968248            0  -0.00159383
  6.8808e-05  7.58306e-05  8.43085e-05  9.42203e-05  1.16168e-16  0.000116296     0.205978     0.170319     0.129032    -0.871023            0     0.391451
-5.70255e-05 -5.63089e-05 -5.63532e-05 -5.71808e-05  1.16787e-19 -5.79422e-05     0.650024     0.483811     0.289785    0.0641706            0    -0.505275
 1.59363e-05  1.61448e-05  1.62827e-05  1.62903e-05  3.61939e-26   1.5933e-05     0.174389      0.25939     0.358549     0.477173            0     0.738955

 1.21254e-18  2.82069e-20    -0.160982     0.826231    -0.684714     0.850377  -0.00270223   0.00421866    -0.446855  5.89548e-05 -5.14078e-05  1.57857e-05
-4.22955e-16  4.73226e-18    -0.134854     0.137709   -0.0132098     0.011483  -0.00146608    0.0476054  0.000180172  -0.00275224   -0.0128745   0.00658141
-1.43052e-15  6.40934e-16      10.3254      4.75285   -0.0598523    -0.237506    0.0563168     -1.62939   -0.0059441     0.267993     0.941042    0.0256441
-1.62524e-20 -1.33408e-20     0.169955      3.75663      2.66746      2.58048  -0.00869069   0.00158598   0.00109421 -8.83855e-05   9.9206e-06 -2.36881e-06

