12
4

22.5913
35.4772
50.5402
68.3101
88.5002
 107.71

0.000286279

0.380617

-1.83411e-09   -0.0121407  -0.00255538  0.000744743            0    0.0139478

0.000192088  -0.0256494   0.0140259   0.0033174           0  0.00895106

          0
          0
3.38419e-05
5.16146e-05
8.98167e-05
  0.0108697
   0.043342
   0.337396
   0.507671
     1.3537
    4.38284
    33.0506

1.18412
1.18788
1.19224
1.19736
      0
 1.2087
8.61945
13.5316
19.2563
26.0611
      0
41.0524

          0
          0
2.80891e-06
 7.6992e-06
5.26622e-05
 -0.0167871
 -0.0130231
  0.0394862
   -2.66999
  0.0302232
    1.41408
    54.6871

-0.000179212
  0.00014506
   -0.011565
-0.000102045

           0            0            0            0            0            0            0            0            0            0            0            0
           0            0            0            0            0            0            0            0            0            0            0            0
  -0.0171508   -0.0561006     0.617238    -0.755529 -1.35512e-07     0.211547 -3.33298e-06  6.18918e-06 -2.79819e-06  3.32027e-08            0 -1.71232e-08
    0.136876    -0.743645       0.4779     0.373922  -7.8773e-09    -0.245053  1.59168e-06 -3.50362e-06  1.64595e-06 -4.95258e-08            0   2.3376e-08
   -0.715784     0.372928     0.425832     0.244699 -5.15344e-09    -0.327668 -4.28557e-06  3.84757e-06 -7.35843e-07 -1.01278e-07            0 -6.55109e-08
    0.518677     0.324073    0.0968193    -0.171305 -4.79138e-13    -0.766307   0.00114076  -0.00198886   0.00081069  3.87489e-06            0  3.31502e-05
 -0.00344479  -0.00296384  -0.00241263  -0.00177355 -6.85024e-15  -0.00032422     0.439369     -0.81573     0.376177  6.70521e-05            0  0.000134022
   0.0012951   0.00126805   0.00123854   0.00120464  -4.5188e-16   0.00112963     -0.55752    0.0655568     0.793464   -0.0981094            0    -0.213672
   -0.446749    -0.446918    -0.447118    -0.447359  1.72454e-18    -0.447888  -0.00364381    0.0041818  0.000349279 -0.000133914            0 -0.000692681
 7.19848e-05  6.97345e-05  6.73923e-05  6.47614e-05  2.81269e-16  5.88542e-05    -0.205694    -0.170051    -0.128516     0.870739            0    -0.392517
-4.22211e-05 -4.29095e-05 -4.27835e-05 -4.21161e-05  3.75272e-19 -4.02601e-05    -0.650553    -0.483477    -0.288743   -0.0627602            0     0.505687
 1.29645e-07   1.9041e-07  2.17085e-07  2.00869e-07  1.04696e-23  2.94916e-08     0.174879     0.259995     0.359188     0.477754            0     0.737939

-1.42449e-20 -2.81489e-21    -0.335893   -0.0093137   -0.0346519     0.859219  -0.00427773    0.0013277    -0.446443   7.3872e-05 -4.79338e-05  2.28733e-07
-3.55038e-16 -1.69001e-18     0.462487     0.232054     0.271469    0.0025386  0.000251543    0.0476714  6.19358e-05   0.00275903    0.0129474   0.00659537
-6.32775e-16   1.0465e-15     -34.6845      -7.8135     -9.75245   -0.0515716  -0.00813043     -1.63026  0.000120182    -0.267855    -0.943084    0.0258687
-4.98624e-21 -2.93732e-21      -3.6087      2.54318      2.46495      2.63801  -0.00640417  0.000319883   0.00234143  2.53826e-05 -1.11067e-05 -1.95383e-07

