22.5913
35.4772
50.5402
68.3101
88.5002
 107.71

-0.000854459

0.379186

-2.39189e-08   -0.0158993  -0.00421916   0.00156201    0.0185606            0

0.000338523  -0.0311869   0.0174794  0.00479998  0.00995458           0

       -nan
          0
7.22013e-05
8.51655e-05
0.000164507
 0.00866426
  0.0465392
   0.414288
    0.50578
    1.38729
    3.81092
     30.099

          0
          0
2.33697e-05
3.90728e-05
3.57675e-07
  0.0461272
 -0.0348512
  0.0589533
   -2.53349
  0.0319228
    1.42247
      49.29

 -0.00027677
-0.000538676
  0.00542324
 -0.00106699

           0            0            0            0            0            0            0            0            0            0            0            0
           0            0            0            0            0            0            0            0            0            0            0            0
  -0.0747803     0.326513    -0.662652     0.632233    -0.221291  8.58376e-10 -5.18987e-05  9.65568e-05 -4.50246e-05   4.9175e-08  2.09127e-07            0
    0.229658    -0.681589     0.267322     0.536276    -0.351626 -9.66245e-10  4.71063e-05 -8.83527e-05  4.15211e-05 -2.71556e-07 -1.21822e-08            0
   -0.633829     0.339777     0.535737     0.167752     -0.40946   9.4823e-11 -1.22344e-05  1.75203e-05 -5.72468e-06 -9.36665e-08 -4.02188e-07            0
    0.583275     0.336935    0.0493257    -0.290558    -0.677796  7.99683e-14 -0.000374715   0.00057742 -0.000131065 -2.48975e-05 -4.09691e-05            0
 -0.00583382  -0.00583694  -0.00625155  -0.00637004  -0.00665559 -4.26485e-15      0.43689    -0.815416     0.379513 -0.000316419 -0.000797237            0
  0.00176196   0.00179849   0.00184337    0.0018989   0.00196342  1.89276e-16    -0.515392    0.0969268     0.801078    -0.153296    -0.244404            0
   -0.446854    -0.447006    -0.447147    -0.447303    -0.447523   3.7026e-19   -0.0082649    0.0116245    -0.001978 -8.62139e-05  -0.00134419            0
 0.000292449  0.000291815  0.000291832  0.000291907  0.000291757  5.84034e-19    -0.146834    -0.114835    -0.078061     0.833363    -0.514456            0
-3.41802e-06  -6.5399e-06 -8.93385e-06 -1.14263e-05 -1.35306e-05  1.28278e-20    -0.695592    -0.479255    -0.227891    0.0844359     0.476867            0
 1.58763e-06  1.71841e-06  1.88707e-06  2.11908e-06  2.48071e-06  2.47123e-29     0.194987     0.287566     0.395237     0.524287     0.669476            0

-3.17306e-21  1.82848e-21     0.275243     0.504607    -0.516692       1.0124   -0.0054356   0.00168316    -0.446643  0.000291675 -5.93181e-06  1.63058e-06
-3.82431e-17   1.3362e-17     -1.10581    -0.280948     0.488938  -0.00855651  -0.00039474    0.0467063   0.00024005   0.00246339    0.0167294   0.00716259
-7.45442e-17  3.66079e-16      31.7897      7.96649     -14.4748     0.203129  -0.00611191      -1.5691  -0.00445062    -0.202419     -1.07347    0.0331989
-3.52313e-20  2.25788e-20       2.4688      3.93357      3.58755      3.32084   0.00229765 -0.000534104   0.00174891 -5.61814e-07  1.70206e-05 -7.60884e-07

