22.5913
35.4772
50.5402
68.3101
88.5002
 107.71

-0.00199109

0.379766

-5.60003e-08   -0.0121391            0  -0.00342869   0.00502102    0.0105339

0.00017618 -0.0156673          0 0.00257716 0.00549262 0.00814119

 1.4881e-12
1.79001e-07
0.000174127
0.000250915
0.000371751
  0.0121604
   0.127145
   0.461999
    1.33726
    1.40554
    4.20995
    36.9217

           0
           0
 0.000181779
-0.000133193
 -0.00061395
    0.145204
  -0.0228147
     2.42151
  -0.0392833
   0.0120401
    -1.16616
     61.5117

 -0.00129232
-0.000772396
 -5.1947e-05
   -0.013501

           0            0            0            0            0            0            0            0            0            0            0            0
           0            0            0            0            0            0            0            0            0            0            0            0
  -0.0431046  -0.00346183 -6.30206e-08     0.489184    -0.796111     0.353604  4.45104e-06 -4.53864e-06  1.55371e-17 -1.15193e-06 -3.15857e-07   1.3733e-06
    0.391877    -0.749772  5.53981e-08     0.450084     0.150737    -0.242853  1.50115e-05 -1.89036e-05 -1.37746e-16  1.66002e-06  1.36764e-06  1.00901e-06
   -0.548652     0.265964 -2.49114e-08     0.596565     0.177071    -0.490917 -2.76526e-05  3.05187e-05 -4.51117e-17 -3.38944e-07 -5.06386e-07 -3.07229e-06
    0.586436     0.409045  2.07481e-11   -0.0474053    -0.334515     -0.61206  -0.00200125   0.00241274 -2.03324e-23 -1.71158e-05 -0.000125649 -0.000256278
-0.000783473  -0.00128139  1.64032e-12  -0.00273732  -0.00364402  -0.00454334     0.632681    -0.769854 -1.28069e-26    0.0306891    0.0469265    0.0620609
     0.44682      0.44696 -5.38617e-14      0.44719     0.447456     0.447603    0.0040089  -0.00420438 -9.27228e-34 -0.000895164  0.000521503  0.000659662
-0.000417058 -0.000434965 -7.78438e-15 -0.000480323 -0.000508448 -0.000540548     0.260121     0.213148 -2.32174e-34    -0.759882    -0.199985     0.519124
 0.000265497  0.000265643  2.51237e-14  0.000264077  0.000263051  0.000261218   -0.0193092   -0.0160611 -2.00301e-34     0.458841    -0.803541     0.378359
-4.17688e-05 -3.67407e-05 -7.65656e-16 -2.64091e-05 -2.10187e-05 -1.61557e-05     0.712791     0.555548 -2.60182e-41     0.170579    -0.108526    -0.377386
 3.65962e-06    3.789e-06  1.54396e-16  4.38024e-06  4.85665e-06  5.67889e-06     0.153582     0.230168            0     0.426621     0.548039     0.664141

-5.42101e-20  7.94093e-22    -0.436615     0.614985    -0.586242     0.893039   0.00017348     0.446656 -0.000383159  0.000267327 -4.37193e-05  3.65397e-06
 8.55036e-16  1.02771e-17    -0.925223    -0.725157   -0.0520936   -0.0131762    -0.096069 -5.26601e-06  -0.00364423  0.000260529   -0.0121595   0.00592475
 2.38057e-16 -9.15852e-17      30.2304      19.0451      1.31633     0.272835      2.75216   -0.0028032     0.342652   -0.0252387      0.98759    0.0197066
-5.42101e-20  4.78574e-20    -0.826337      1.40948      3.53595      2.35752   0.00733107   -0.0015795  0.000248994  8.98023e-06 -4.50465e-05 -8.05364e-07

