22.5913
35.4772
50.5402
68.3101
88.5002
 107.71

-0.00254099

0.37993

          0 -0.00971083 -0.00270738 -0.00301601  0.00591779  0.00950623

-1.15478e-15    -0.018684     0.004772   0.00199775    0.0053708   0.00734725

       -nan
          0
0.000264051
0.000425051
 0.00047791
  0.0097698
   0.178685
   0.432396
    1.28955
    1.40674
    3.37332
    38.4091

           0
           0
 0.000333499
-0.000838923
  0.00149954
    0.151337
  -0.0121898
     2.35668
   0.0438717
   0.0120789
   -0.880635
    -64.1227

-0.00322849
-0.00706562
   0.207905
 -0.0262107

           0            0            0            0            0            0            0            0            0            0            0            0
           0            0            0            0            0            0            0            0            0            0            0            0
          -0     0.266474    -0.624903     0.608564      -0.3866     0.136667  -1.9159e-09  1.08575e-05 -1.25754e-05 -2.14249e-06  1.47419e-06  2.21533e-06
           0     0.233393    -0.501217   -0.0641899     0.729422    -0.397658 -9.37967e-10  3.27749e-05 -4.65297e-05  4.99666e-06  5.76571e-06  3.29089e-06
           0      0.56883    -0.207002     -0.65114    -0.144767     0.434329   2.8837e-10   2.9435e-05 -3.50313e-05  8.90958e-07  1.25902e-06  4.60295e-06
           0     0.592667     0.339924    0.0394112    -0.311892    -0.659064  6.67811e-13  -0.00104806   0.00138059 -1.48655e-05 -0.000101801 -0.000207261
           0  -0.00624734  -0.00590072  -0.00535189  -0.00468928  -0.00411107 -4.59424e-16    -0.600352      0.79051   -0.0368545   -0.0659216   -0.0939471
           0      0.44683     0.447038     0.447172     0.447466     0.447398 -2.71517e-18  -0.00787143   0.00869358  0.000835214  0.000823318  -0.00263131
           0  -0.00109544  -0.00108195  -0.00106404   -0.0010493  -0.00102115 -7.58531e-17    -0.348458    -0.261229     0.773062     0.200793    -0.415196
           0  0.000615769  0.000613098  0.000613588  0.000610515  0.000606396 -8.08266e-17   -0.0106842  -0.00784282     0.421187    -0.810957     0.405923
           0  -1.8341e-05 -9.34441e-06  1.19407e-06   1.1367e-05  2.10543e-05 -4.22775e-19     0.685045     0.461041     0.235404    -0.138281    -0.493576
           0  9.57969e-06  9.87217e-06  9.95792e-06  1.01744e-05  9.84459e-06 -1.51607e-29     -0.22066    -0.306846    -0.410125    -0.527791    -0.640616

-5.96311e-19 -2.77933e-21      0.92012     0.192664     0.593969      1.17065  -0.00724356      0.44669  -0.00112882  0.000617664 -3.33123e-05   8.7313e-06
-9.35472e-17 -1.03655e-17    -0.893973    -0.748597   -0.0947137   -0.0364202    0.0865945  0.000345906   0.00576489  0.000177988   -0.0147857   -0.0056946
-9.64127e-16  4.34065e-16      30.7817      29.8487      6.16725     0.977961     -3.65732   -0.0184246    -0.553311   -0.0169559      1.21071   -0.0182309
-3.79471e-19  3.89635e-20     0.698415      0.56511     -1.88106      2.81159  -0.00471967  -0.00138199 -0.000161525  1.39338e-05 -8.56372e-05 -4.21517e-06

