12
4

22.5913
35.4772
50.5402
68.3101
88.5002
 107.71

0.00142135

0.379989

-4.79847e-08   -0.0215637   0.00203902   0.00610655    0.0134368            0

0.000219198  -0.0345067   0.0215936   0.0052001  0.00858527           0

          0
3.28088e-09
 9.4476e-05
0.000111979
0.000238154
 0.00875937
  0.0437947
   0.414135
   0.486469
    1.38786
    3.81304
    30.1388

1.19453
  1.213
1.23456
1.26002
1.28904
      0
8.61112
13.5188
 19.242
 26.057
33.7761
      0

           0
           0
-8.83694e-06
 7.16642e-05
 0.000222299
  -0.0741865
  0.00592119
    0.116207
    -2.76458
  -0.0364243
    -1.42239
     49.4463

 0.000115939
-0.000262504
 -0.00781316
  0.00430119

           0            0            0            0            0            0            0            0            0            0            0            0
           0            0            0            0            0            0            0            0            0            0            0            0
  -0.0960797      0.37956    -0.677842     0.590542    -0.196196  2.19502e-10  8.28818e-05 -0.000152807  6.98012e-05 -6.89471e-08  2.90077e-07            0
    0.247933    -0.667749     0.194361     0.576122     -0.35064 -3.55019e-10 -1.34273e-05  2.57191e-05 -1.22125e-05  1.38341e-07 -9.29935e-08            0
   -0.624855     0.310664     0.547977     0.187658    -0.421366  5.53354e-11  2.49159e-05 -4.64837e-05  1.94857e-05  5.01207e-07  4.83841e-07            0
    0.582218     0.337068    0.0501038     -0.28994    -0.678842  7.55545e-14   0.00107818  -0.00183772  0.000694433  2.61221e-05  4.47629e-05            0
-0.000309851  6.76052e-05  0.000920884   0.00147569   0.00249751  -1.1829e-15     0.441362    -0.816066      0.37313   0.00067788   0.00101123            0
   0.0105114    0.0104706    0.0104224    0.0103655    0.0102991 -2.72107e-16    -0.511848    0.0903901     0.803946    -0.153499    -0.243737            0
   -0.446951       -0.447    -0.447052    -0.447161    -0.447293 -3.49484e-18   -0.0110558  0.000381471    0.0195089  -0.00382529  -0.00539481            0
 0.000151954   0.00015265  0.000153818  0.000154304  0.000155167  -6.4927e-18     0.147165     0.114979    0.0775116    -0.833492     0.514204            0
-7.36191e-05 -7.19718e-05 -7.10184e-05 -7.05506e-05 -6.95715e-05 -3.43763e-21     0.695332     0.479753     0.228223   -0.0839017    -0.476682            0
 1.81604e-05  1.83751e-05  1.84995e-05  1.85231e-05  1.84169e-05 -1.23775e-29     0.194795     0.287192     0.394929     0.524094     0.670023            0

 -1.4119e-18 -3.91736e-20     0.196078     0.858538     -0.61773      1.00782  -0.00135901    0.0105733    -0.446814   0.00015238 -6.87307e-05  1.80611e-05
 4.31586e-16 -7.21742e-18     0.620367      0.49457    0.0411431    0.0147011  -0.00188985    0.0466056  0.000791115  -0.00249865   -0.0166956   0.00715365
 1.49629e-15  7.18699e-17     -12.9296     -10.8132     -2.90304    -0.312389    0.0751756     -1.56519   -0.0254884     0.203656      1.07274    0.0331041
 2.02864e-19 -1.72054e-22      2.90044      4.82988      4.13249      3.28404  -0.00763186  0.000520029  0.000930231 -4.71551e-06 -4.88932e-07 -2.23701e-06

