22.5913
35.4772
50.5402
68.3101
88.5002
 107.71

-0.00254099

0.379935

-1.87657e-07            0    -0.013128  -0.00222849   0.00140762    0.0139742

0.000433666           0  -0.0186068  0.00259085  0.00625779   0.0109081

          0
          0
0.000424093
0.000582615
0.000684339
  0.0110874
   0.282564
   0.432384
    1.31806
      1.407
    3.84986
    37.8872

          0
          0
0.000186389
-0.00115416
-0.00164563
   0.172105
0.000673197
    2.37146
  0.0340152
 -0.0100418
   -1.01212
   -63.2702

-0.00258099
-0.00463781
  0.0983951
 -0.0254749

           0            0            0            0            0            0            0            0            0            0            0            0
           0            0            0            0            0            0            0            0            0            0            0            0
 -0.00383694   1.6549e-07     0.414781    -0.798997     0.433023   -0.0451287  2.63694e-06  -5.1056e-13 -5.92878e-06   4.4052e-06  1.23056e-07 -4.63427e-07
    0.128526 -1.90318e-07    -0.526649     0.132439     0.704231    -0.438908  1.31491e-05  8.49782e-13 -2.62242e-05   5.7955e-06  6.13242e-06  1.02958e-06
   -0.575587  1.22751e-07     0.531648     0.379559     0.136751     -0.47253 -3.02154e-05  5.39023e-13  4.19289e-05 -1.24347e-06  -2.7484e-06 -9.45641e-06
    0.672617  4.13147e-10      0.26087  -0.00221643    -0.312416    -0.617999 -0.000710234  1.30767e-15   0.00112885 -2.22938e-05 -0.000130547 -0.000256903
  -0.0047196  1.01003e-13  -0.00423516  -0.00385822  -0.00340045  -0.00298854    -0.516293  8.42601e-19      0.83369   -0.0680633    -0.108915    -0.147756
     0.44691  8.90193e-14     0.447075     0.447188     0.447474     0.447332   -0.0052071  7.90348e-22   0.00669031   0.00113324 -0.000118486  -0.00260361
 -0.00115351  2.63545e-14   -0.0011205  -0.00109618  -0.00107691  -0.00103821    -0.322655  2.04123e-22    -0.197366     0.773198     0.181107    -0.475709
-0.000202675  5.67076e-16 -0.000200372 -0.000201743 -0.000198576 -0.000193778    0.0125898 -6.03638e-22   0.00781051    -0.428465     0.810189     -0.39974
-2.45278e-05  5.30674e-16 -1.14194e-05 -3.52217e-06  3.71276e-06  1.03213e-05     0.779105  3.50715e-27     0.411222     0.202615    -0.112464    -0.412543
 9.88685e-06 -1.24994e-16  1.05046e-05  1.04954e-05  1.08137e-05  1.04493e-05    -0.148814            0    -0.311121    -0.415807    -0.535055    -0.649522

  1.6263e-19 -1.97765e-20     0.570021     0.164677    -0.568269     0.995645  -0.00515249     0.446757  -0.00118145 -0.000203852 -2.82752e-05  9.33054e-06
-2.92912e-17  8.66036e-18     0.330472    -0.279824    0.0820769   -0.0271354    0.0472063  0.000362606   0.00447277 -0.000166308   -0.0130891  -0.00577561
 1.23768e-15  -6.6142e-16     -14.0131      8.09588     -0.07492     0.615123     -1.59026   -0.0139561    -0.424429    0.0161811      1.07527   -0.0182639
 4.33681e-19  1.52172e-20    0.0882811     0.458943      1.44534       2.4743  -0.00321349  -0.00124926 -0.000211967 -1.00448e-05 -6.11738e-05 -4.32093e-06

