22.5913
35.4772
50.5402
68.3101
88.5002
 107.71

-0.00142174

0.378929

-4.03169e-08   -0.0126556            0  -0.00378966   0.00583215     0.010607

0.000190961  -0.0157133           0  0.00260101  0.00564442  0.00804921

3.91513e-13
1.75411e-07
9.18196e-05
0.000152797
0.000265405
  0.0119639
   0.127719
   0.486597
    1.33753
    1.40637
    4.20507
    36.8897

           0
           0
  8.8523e-05
-1.48879e-05
-0.000174976
    0.103409
  -0.0207068
     2.46341
   0.0354308
  -0.0065135
    -1.15833
    -61.2292

-0.00063511
0.000177023
 -0.0188576
-0.00525543

           0            0            0            0            0            0            0            0            0            0            0            0
           0            0            0            0            0            0            0            0            0            0            0            0
 -0.00412371   -0.0394977 -3.91228e-08     0.472184    -0.798917     0.370402  3.23318e-06 -3.60488e-06  -4.7947e-17 -4.83188e-07  1.14609e-07  5.93021e-07
    0.344537    -0.722737 -8.38856e-09     0.487532     0.185454    -0.294729  7.76916e-06 -9.78039e-06 -9.21556e-18  7.26675e-07  9.52445e-07  5.22925e-07
   -0.579407     0.330293  4.25459e-09     0.580359     0.120317    -0.451554 -1.69819e-05  1.79639e-05 -1.77603e-18 -3.22142e-08 -1.01588e-06  -1.0948e-06
    0.588118     0.408899 -2.86667e-13   -0.0503365    -0.335667    -0.609678  -0.00151942    0.0018399 -2.83993e-25 -4.47602e-05 -8.80138e-05  -0.00018456
-0.000741616  -0.00113541 -1.40724e-12  -0.00224775  -0.00293344  -0.00360412     0.632328     -0.77012 -1.66212e-28     0.030979    0.0470087    0.0622767
    0.446857     0.446987  2.47322e-15     0.447213     0.447417     0.447567   0.00292174  -0.00375387 -8.03121e-36  0.000676046  0.000405292 -0.000140188
-0.000341454 -0.000333446  1.83534e-14 -0.000312486 -0.000299532 -0.000285092    -0.260495    -0.213174 -4.06068e-36     0.778512     0.165308     -0.50328
-5.56395e-05  -5.1171e-05  2.95483e-14 -4.15587e-05 -3.54682e-05 -2.97709e-05   0.00949984   0.00776758  1.36014e-35     -0.42597     0.811058     -0.40073
-6.14305e-05 -5.83335e-05  2.99853e-16 -5.34753e-05 -5.15543e-05 -4.98934e-05     0.713067     0.555096  -2.5692e-43       0.1703    -0.110532    -0.377073
 1.12606e-06  1.08166e-06 -1.43792e-17   9.0302e-07  6.56903e-07  1.66688e-07    -0.154068    -0.230789            0    -0.427207    -0.548116    -0.663372

-2.71051e-20 -5.26815e-20    -0.428239     0.829097    -0.600578     0.899586  1.67495e-05     0.446694 -0.000357173 -6.35797e-05 -5.91916e-05  1.00888e-06
 5.70041e-16  9.84975e-18     -1.40417     -1.07367      0.20373  -0.00751793   -0.0957384  4.90138e-05   0.00365555 -0.000132268   -0.0122216  -0.00593895
 -1.2564e-15  1.35506e-15      48.5549      28.6084     -5.78828     0.154295      2.73963  -0.00491482    -0.343041     0.012534     0.989186   -0.0198939
 2.16809e-29  -2.2764e-20     -2.64573      3.22349      3.76345      2.40484   0.00566246  -0.00142177 -0.000114279 -4.90676e-05 -1.58633e-05 -5.87636e-07

