12
4

22.5913
35.4772
50.5402
68.3101
88.5002
 107.71

0.000286279

0.380617

 -0.00751061  -0.00534222 -0.000938807 -5.24756e-05   0.00446849   0.00937331

-0.0147947 -0.0074102  0.0120525  0.0019706 0.00352841 0.00499738

2.35392e-05
3.38839e-05
5.14317e-05
8.97497e-05
  0.0118521
  0.0413924
   0.284667
   0.556222
     1.3504
    1.40793
    4.45721
    38.7285

1.18412
1.18788
1.19224
1.19736
1.20317
 1.2087
8.62409
 13.525
19.2543
26.0594
33.7429
 41.053

 9.66027e-08
-6.38827e-07
-9.18601e-06
-4.10787e-05
   0.0180144
 -0.00545945
  0.00203497
     2.92872
  -0.0307161
 -0.00836175
     1.34868
     64.2591

-0.000180147
-0.000842961
   0.0204638
-0.000114703

 -0.00086861  -0.00920584     -0.03041     0.453763    -0.801488     0.388209  1.31856e-06 -2.52962e-06  1.28693e-06  5.31678e-08 -3.25943e-08  -2.5732e-08
   0.0146025    0.0687153    -0.636529     0.652666     0.232208    -0.331666 -3.51848e-06  6.60301e-06   -3.212e-06 -4.71968e-08   4.1776e-08   2.1922e-08
   -0.138269     0.743335    -0.463007    -0.362656   -0.0601546      0.28075 -8.29449e-06  1.59246e-05 -7.35481e-06  5.90091e-08 -3.26047e-09 -3.00887e-08
    0.716743    -0.373211    -0.432252    -0.250565    0.0285577     0.310729  6.71931e-06 -7.91498e-06  2.18946e-06  9.58443e-08  1.96008e-07  5.22577e-08
   -0.548373    -0.370114     -0.16171    0.0841989      0.36374     0.629881  -0.00118658   0.00199341 -0.000743125 -5.75135e-06 -1.51481e-05 -4.26564e-05
  0.00061409  0.000152406 -0.000325291 -0.000931626  -0.00161409  -0.00225591    -0.439642     0.815664     -0.37603 -1.02782e-05  1.96815e-05 -1.80364e-05
 -0.00274786  -0.00278955  -0.00283564  -0.00288887  -0.00294922  -0.00300695    -0.555122    0.0717092     0.804614   -0.0688784    -0.110376    -0.149387
    0.407708     0.407881     0.408081     0.408319     0.408589     0.408845  -0.00468316   0.00196399   0.00499543 -0.000531626  -0.00127107 -0.000618575
 -0.00015205 -0.000149202 -0.000146148  -0.00014264 -0.000138693 -0.000134835     0.210631     0.172679     0.128291    -0.788585    -0.195532     0.499258
 0.000226985  0.000225976  0.000224658  0.000223023  0.000221172  0.000219509    0.0118253   0.00973336   0.00735782    -0.441765      0.80675    -0.392059
-4.05108e-05 -4.12037e-05 -4.10929e-05 -4.04579e-05 -3.95822e-05 -3.86379e-05    -0.657292    -0.500767    -0.317761    -0.110541     0.162792     0.421315
 4.02414e-07  4.52393e-07  4.72273e-07  4.60359e-07  4.11414e-07  3.11693e-07       0.1483     0.221047     0.306082     0.407448     0.521763     0.630245

   -0.273896     0.371711  -0.00521203    0.0425518     -0.86073   0.00136582  -0.00269035     0.407406 -0.000154928  0.000228915 -4.61435e-05  4.80446e-07
    0.198131    -0.192145    -0.237271    -0.229184  -0.00122238 -0.000624805    0.0477357   5.5604e-05  -0.00294353 -0.000159292    0.0121566   0.00564953
    0.492708      11.5754      8.40301      8.54402    0.0192334    0.0129255     -1.62582  -0.00457766     0.276981    0.0153909    -0.932083    0.0205921
    -2.95968      4.21678     -2.70248     -2.41699     -2.41897   0.00587109  0.000512436  -0.00233167 -3.35783e-05  1.49582e-05 -1.08102e-05 -1.64596e-07

