22.5913
35.4772
50.5402
68.3101
88.5002
 107.71

0.000854174

0.379905

-1.94882e-08   -0.0215018   0.00110144   0.00631668    0.0140911            0

0.000234425  -0.0344619   0.0215894  0.00518934  0.00857991           0

          0
          0
5.83008e-05
7.70512e-05
0.000158651
 0.00866509
  0.0444494
   0.414583
   0.506243
    1.38932
    3.80848
    30.0805

           0
           0
-1.75392e-06
-6.80231e-07
 7.31572e-05
  -0.0435569
  0.00429412
   0.0889392
    -2.73374
   0.0358812
      1.4204
    -49.3835

-0.000164615
 9.44834e-05
  -0.0118406
 0.000709473

           0            0            0            0            0            0            0            0            0            0            0            0
           0            0            0            0            0            0            0            0            0            0            0            0
 -0.00211022       0.0934    -0.537881     0.772035    -0.325451 -9.70809e-11  4.65108e-05 -8.62824e-05  3.97864e-05 -1.93643e-08 -1.99482e-08            0
    0.245477    -0.752304     0.462304     0.304275    -0.259753 -7.02402e-10  -2.0497e-05  3.86572e-05 -1.81522e-05  2.22103e-08  2.53553e-08            0
   -0.632383      0.33444     0.542732     0.163731    -0.408504  2.12552e-10  8.92708e-06 -1.95979e-05  9.86339e-06 -1.36335e-07 -1.06026e-07            0
    0.583165     0.337071    0.0492775    -0.290583    -0.677806  1.00275e-13   0.00168531  -0.00299554   0.00123808  2.90244e-05  4.21566e-05            0
 -0.00147446 -0.000656174  0.000513956   0.00161769   0.00313435 -1.14948e-15     0.440773    -0.816022     0.373913  0.000571081  0.000848443            0
  0.00619501   0.00615599   0.00611348   0.00606294   0.00600598   4.3312e-17    -0.512168    0.0912997     0.803738    -0.153961     -0.24385            0
   -0.446884       -0.447    -0.447141    -0.447318    -0.447512  2.98836e-19  -0.00646618  2.05523e-05    0.0114326  -0.00113966  -0.00400099            0
 0.000523694  0.000524403   0.00052537  0.000526605  0.000527973  2.64425e-19    -0.147363    -0.114991   -0.0773521     0.833264    -0.514536            0
-5.68077e-05 -5.66281e-05  -5.5332e-05  -5.3359e-05 -5.11674e-05  6.37157e-22    -0.695422    -0.479475    -0.227839    0.0842155     0.476958            0
 6.24236e-06  6.08252e-06  5.97956e-06  5.91901e-06  5.97008e-06  5.18547e-30    -0.195017    -0.287479     -0.39518    -0.524283     -0.66954            0

 2.10488e-19 -5.06268e-20     0.637126     0.518941    -0.538291      1.01231   -0.0030923   0.00624956     -0.44665  0.000520762 -6.48165e-05  6.28103e-06
 1.69113e-16 -1.28736e-17      1.10643     0.173322  -0.00466244   0.00908783  -0.00109668    0.0465627  0.000451098   0.00250094    0.0167272   -0.0071612
 1.17626e-15  -4.6147e-16     -26.9967     -4.11394    -0.696346    -0.204789    0.0461821      -1.5629    -0.013686    -0.203684     -1.07347   -0.0331841
 2.23934e-20  2.18707e-20      6.06875      3.75125      3.94486      3.32077   -0.0120936  0.000474834   0.00170111 -1.31062e-05 -2.47212e-05  1.67522e-06

