12
4

22.5913
35.4772
50.5402
68.3101
88.5002
 107.71

-0.000854327

0.379142

-2.70317e-08            0   -0.0144607  -0.00616903   0.00533429    0.0152936

0.000432714           0  -0.0186455  0.00220442  0.00681013   0.0108313

          0
2.81047e-10
4.82254e-05
6.86278e-05
0.000181725
  0.0109577
   0.283361
   0.505895
    1.31875
    1.40752
      3.829
    37.7673

 1.1594
      0
1.13553
 1.1203
1.10297
1.08644
8.59452
      0
19.2036
25.9803
33.6477
40.9469

           0
           0
-2.43427e-06
 4.73505e-06
-2.52917e-05
   0.0588858
  -0.0342847
     2.50643
   0.0444969
  0.00112552
    -1.05401
    -62.6524

-0.000318268
-3.30436e-05
 -0.00751463
  -0.0012768

           0            0            0            0            0            0            0            0            0            0            0            0
           0            0            0            0            0            0            0            0            0            0            0            0
  -0.0106316  1.19442e-06      0.17656    -0.588493     0.727573    -0.305004 -2.13485e-07  2.64648e-11  2.22383e-07  1.41226e-07  2.61416e-08 -1.12559e-07
   0.0832479  -2.4885e-06    -0.625292     0.525303     0.412111    -0.395349  4.74274e-07 -1.86021e-10  -1.3021e-06  3.15043e-07  1.59283e-07   3.0365e-07
   -0.575524  2.30996e-07     0.558052      0.42144    0.0195099    -0.423506 -5.22403e-06  4.32225e-11  5.28404e-06  8.01301e-08  -2.4287e-07 -9.43619e-07
    0.679907  7.21542e-11     0.258084   -0.0105462    -0.316505     -0.60896 -0.000271292  1.09871e-14  0.000451607 -3.37492e-05 -4.37699e-05 -9.62088e-05
 -0.00199201  5.04276e-14  -0.00221169  -0.00236022  -0.00252854  -0.00268962     0.514183  1.34153e-17    -0.834616    0.0690695     0.109952     0.148809
    0.446599 -3.99196e-15     0.446991     0.447218     0.447481     0.447743   0.00242135  2.30268e-21  -0.00457263    0.0016269 -0.000459601  0.000982891
-0.000365494  4.57219e-15 -0.000362237 -0.000359383 -0.000355962 -0.000352034    -0.318385  7.54995e-21    -0.193945     0.768394      0.18958    -0.484402
 0.000648075 -2.15361e-14  0.000655785   0.00066097  0.000666711  0.000672132    0.0170034  2.20262e-21    0.0103287    -0.438104     0.807645    -0.394179
-3.71986e-06  1.79534e-15  2.34023e-06  5.30659e-06  7.98211e-06  1.02706e-05     0.781811   2.7931e-25      0.40932     0.196537    -0.115833    -0.411321
 1.24304e-06  1.48841e-17  1.03297e-06   8.5091e-07  5.76857e-07  1.65658e-07    -0.150741            0    -0.313259    -0.417415    -0.535035     -0.64703

 -4.0917e-20  1.36641e-21     0.264782     0.638818    -0.514663      1.01914  -0.00179813     0.446298 -0.000370722  0.000641931 -1.60036e-06  1.22573e-06
 2.49849e-16 -4.15808e-18      1.22167    -0.999761      0.38725   -0.0068643   -0.0472592 -7.28862e-05   0.00445161 -0.000244677   -0.0133151  -0.00580762
 1.60201e-15  2.91739e-16     -55.0221      19.3533     -13.6216       0.1515      1.57728  0.000403729    -0.418878    0.0225827       1.0827   -0.0195169
 1.86256e-20  2.03766e-20      2.26062      5.20844      3.22903      2.62567   0.00141859  -0.00234904 -3.06733e-05 -4.80672e-05 -2.04712e-05  4.94557e-07

