22.5913
35.4772
50.5402
68.3101
88.5002
 107.71

0.00254455

0.378939

          0  -0.0123549 0.000141351 -0.00132302  0.00363127  0.00995645

2.12212e-16  -0.0236107   0.0107851  0.00249296  0.00426696  0.00673851

          0
1.08252e-08
0.000273095
0.000317267
0.000407648
 0.00986846
    0.17839
   0.426341
    1.29062
    1.40767
    3.37583
    38.4569

           0
           0
 0.000567073
-0.000178155
  0.00154718
   -0.148828
  -0.0275203
     2.90037
  -0.0527918
  -0.0168179
    0.906823
     63.9518

  0.0024032
-0.00483151
   0.141488
  0.0263699

           0            0            0            0            0            0            0            0            0            0            0            0
           0            0            0            0            0            0            0            0            0            0            0            0
           0    -0.466667     0.800244    -0.152697    -0.316341     0.135807 -3.17147e-10  2.20441e-05 -3.08341e-05  2.47649e-06  2.95017e-06  3.12742e-06
          -0   -0.0102359    -0.199638     0.645253    -0.691511     0.255929 -1.06442e-09  1.14659e-05 -1.82255e-05  4.71299e-06  2.61273e-06 -1.76324e-07
           0    -0.480974    0.0628281      0.59896     0.351093    -0.531693 -3.03482e-10  1.72151e-05 -1.97952e-05 -1.55797e-06  3.67839e-07  3.68666e-06
           0     0.592469     0.340788    0.0397487    -0.313581    -0.657972 -6.27851e-13   0.00116961   -0.0015341  2.29568e-05  0.000101906  0.000231778
           0  -0.00284073  -0.00240957  -0.00182164  -0.00109357 -0.000439739  2.54219e-15      0.60029    -0.790634    0.0370947    0.0658187    0.0939337
           0     0.446939     0.446839     0.447209     0.447369     0.447695  8.03069e-19   0.00235292  -0.00300402 -0.000183729  0.000266695  0.000519705
           0 -0.000190253 -0.000174645 -0.000154262 -0.000137327 -0.000106425 -1.40437e-18     0.346876     0.259863    -0.776012    -0.195901     0.414218
          -0 -2.50312e-05 -3.00166e-05 -3.60943e-05 -4.32488e-05 -5.11165e-05  1.83078e-17   0.00907157   0.00641269    -0.416781     0.812026    -0.408393
           0  -6.5755e-05 -5.88953e-05 -4.92991e-05 -3.94952e-05 -2.99194e-05 -4.19494e-21    -0.685878    -0.461584    -0.233377     0.139267     0.492597
           0  2.26227e-06  2.27024e-06  2.04369e-06  1.80113e-06  1.04037e-06 -2.65621e-30     0.220934     0.307013     0.410193      0.52774      0.64044

 1.21973e-19 -5.57983e-20      -1.4823   -0.0706391    -0.665388      1.16873  -0.00389212     0.446399 -0.000227659 -1.16629e-05 -8.87405e-05  2.25467e-06
-4.92701e-16  1.36505e-17    -0.914541    -0.320552     0.051063    0.0333847   -0.0869388 -0.000108294  -0.00574091 -0.000175354    0.0148021   0.00568633
-1.74571e-15 -4.19216e-16      32.7388      10.9475      2.11385    -0.949325      3.65549    0.0056294     0.550535    0.0153873     -1.21203     0.018811
 7.71248e-31 -5.09808e-20     -1.02173    0.0557606      2.59678      2.80779  -0.00518636  -0.00193203 -0.000182893  5.38471e-05 -8.72793e-05 -9.67803e-07

