22.5913
35.4772
50.5402
68.3101
88.5002
 107.71

-0.00199109

0.379766

-9.29538e-08   -0.0163234   0.00152986  -0.00335204    0.0181276            0

0.000340565   -0.030089   0.0163658  0.00410046   0.0106173           0

          0
          0
0.000191148
0.000300493
0.000411027
 0.00888476
  0.0471343
   0.413948
   0.461938
    1.38728
    3.81312
    30.0882

           0
           0
  1.0898e-07
-6.30087e-05
-0.000306154
    0.106057
  -0.0354985
  -0.0448594
     -2.4733
   0.0373831
     -1.4152
     49.4919

-0.00103883
-0.00251151
  0.0441492
 -0.0111401

           0            0            0            0            0            0            0            0            0            0            0            0
           0            0            0            0            0            0            0            0            0            0            0            0
   -0.165263     0.417549    -0.618472     0.600734     -0.23442 -1.12208e-10 -5.85226e-05  0.000111066 -5.41285e-05 -5.62679e-07  1.73355e-06            0
    0.225206    -0.654537     0.206757     0.587427    -0.364753  4.44862e-11  0.000190623 -0.000357228  0.000167271 -4.69305e-08 -8.12279e-07            0
    -0.62055     0.288974     0.609989     0.106295    -0.384743 -1.83976e-12  1.31893e-05 -4.45283e-05  3.76821e-05 -2.99652e-06  -4.3522e-06            0
    0.580582     0.337376    0.0514003    -0.287597    -0.680984 -3.87107e-14  -0.00146148   0.00251519  -0.00095178  -6.7551e-06 -8.48466e-05            0
 -0.00479996  -0.00512974  -0.00654107   -0.0075475  -0.00842034 -2.93041e-16     0.438249    -0.815487     0.377754 -0.000303935 -0.000231737            0
  0.00113014   0.00108467   0.00102531  0.000927372  0.000819813 -1.38499e-16     0.515129   -0.0947366    -0.801783     0.151558     0.244614            0
   -0.446977    -0.447077    -0.447181    -0.447191    -0.447398 -2.39505e-19  -0.00549543     0.011402  -0.00741045   0.00172377 -0.000252308            0
 0.000712068  0.000722395  0.000731255  0.000745119  0.000759214 -5.61103e-20    -0.145789    -0.115181   -0.0790957     0.833949    -0.513565            0
 -4.0207e-05 -3.55509e-05 -3.16014e-05 -2.67632e-05 -2.25919e-05 -2.60147e-22     0.695385     0.479959     0.229015   -0.0835982     -0.47607            0
    4.84e-06  5.04819e-06  5.38503e-06  5.95861e-06  6.61481e-06 -1.95931e-30     0.194247     0.286779      0.39457     0.523992     0.670651            0

-8.10769e-20  2.52789e-20   0.00179495     0.145833    -0.613655      1.00031  -0.00307946   0.00123089    -0.446915  0.000695347 -4.06174e-05  4.76113e-06
-1.62786e-16 -1.29523e-17     -1.30701    -0.350192     0.376267   -0.0221247 -0.000871152   -0.0466266 -7.22918e-05   0.00239159   -0.0166364   0.00714782
-4.68667e-16 -4.00441e-16      47.1769       9.5889      -10.074     0.496451   0.00272153      1.57056   0.00786676     -0.20028      1.07135    0.0327657
  7.2686e-20 -4.75731e-20       3.3581      1.47842      2.23663      3.22347    0.0115882   0.00074496  0.000986695 -0.000126962 -3.63912e-05 -1.67929e-06

