22.5913
35.4772
50.5402
68.3101
88.5002
 107.71

-0.00142174

0.378929

-5.42363e-08    -0.016068  -0.00156601 -0.000936781    0.0185594            0

0.000337604  -0.0304475   0.0166282   0.0044104   0.0104168           0

          0
          0
0.000107657
0.000149362
0.000265372
 0.00876605
   0.046763
   0.415006
   0.486564
    1.38535
    3.81041
    30.0938

           0
           0
  3.5459e-05
 7.12996e-05
-0.000107157
   0.0755322
  -0.0370088
  -0.0350108
    -2.50024
   0.0334103
    -1.40617
    -49.3217

-0.00049761
-0.00137859
  0.0231625
-0.00417205

           0            0            0            0            0            0            0            0            0            0            0            0
           0            0            0            0            0            0            0            0            0            0            0            0
   -0.102464     0.382114    -0.672016     0.593004    -0.200574  8.11909e-10  -5.8735e-05  0.000110694 -5.30986e-05  9.85979e-08  8.27015e-07            0
    0.233584    -0.660982     0.207483     0.579739    -0.359715 -4.52714e-11  9.68146e-05 -0.000181321  8.46897e-05 -1.85783e-07 -8.00062e-08            0
    -0.62944     0.321798     0.550304     0.168446    -0.411149 -2.76018e-11  3.08778e-06 -1.72779e-05  1.59949e-05   -9.977e-07 -1.97225e-06            0
    0.582167      0.33705    0.0500662    -0.289541    -0.679067 -5.34085e-16  -0.00115974   0.00200784 -0.000771846 -2.14561e-05 -5.11738e-05            0
 -0.00531019  -0.00566497  -0.00670687  -0.00743745  -0.00827597  9.63408e-16     0.437115    -0.815399     0.379243 -0.000364628 -0.000710904            0
   0.0028502   0.00281295    0.0027637   0.00269368   0.00261608  9.60331e-17     0.515585   -0.0965909    -0.801095     0.152459     0.244555            0
   -0.446979    -0.447096    -0.447159    -0.447189    -0.447353  3.36851e-19   -0.0035325    0.0114583    -0.010666   0.00155447   0.00118146            0
 0.000320565  0.000322237  0.000324257  0.000327594  0.000330782  2.97244e-19    -0.146999    -0.115398   -0.0788153     0.833709    -0.513607            0
 -4.5206e-05 -4.23788e-05 -4.04275e-05 -3.84549e-05 -3.73801e-05  5.35163e-22     0.695416      0.47944     0.228317    -0.083259    -0.476942            0
 1.46027e-06  1.36731e-06  1.28823e-06  1.06894e-06  7.26195e-07  1.48372e-29     -0.19462    -0.287193    -0.394926    -0.524168    -0.670019            0

-8.38364e-20  3.73058e-21     0.202025     0.559334    -0.634484      1.00737  -0.00404165   0.00293457    -0.446896  0.000317272 -4.18617e-05  1.32898e-06
-3.17941e-16  1.08693e-17     -1.22597    -0.462882     0.357252   -0.0162853  -0.00039224   -0.0466596 -0.000267908   0.00243959   -0.0166893  -0.00715765
 1.74294e-15  2.01525e-16      36.0434       13.276     -9.12259     0.365182   -0.0106223      1.56981    0.0127734     -0.20226      1.07245   -0.0329387
-2.34522e-20 -6.28657e-21      2.88181      3.56511      3.40562      3.28089   0.00857048   0.00059851  0.000897211 -3.21022e-05 -1.06451e-05 -3.97425e-07

