22.5913
35.4772
50.5402
68.3101
88.5002
 107.71

0.000286393

0.380636

-3.55903e-09   -0.0191247  -0.00248679   0.00576389    0.0158448            0

0.00028424 -0.0340756  0.0211826 0.00518149 0.00868324          0

       -nan
          0
4.50241e-05
5.91367e-05
 9.0718e-05
 0.00857442
  0.0456431
   0.414896
   0.507626
    1.38676
    3.80928
     30.117

           0
           0
 1.71268e-06
-9.04658e-07
  4.0345e-05
  -0.0134101
  -0.0139472
   0.0605548
    -2.66742
   0.0345128
     1.43129
     49.4368

-0.000192324
-2.48553e-05
  -0.0060016
-0.000209156

           0            0            0            0            0            0            0            0            0            0            0            0
           0            0            0            0            0            0            0            0            0            0            0            0
  -0.0326748     0.180926      0.25173    -0.841408     0.441433 -2.63397e-09 -1.20626e-05  2.28435e-05 -1.07793e-05  1.49781e-07 -2.17491e-08            0
    0.172664     -0.69518     0.683708   -0.0237471    -0.137446  1.06218e-09 -1.08695e-05  2.00471e-05 -9.24329e-06   2.6461e-08 -2.97219e-08            0
   -0.654704     0.413131     0.516541     0.081685    -0.356649  2.97116e-10  5.92393e-06 -1.45051e-05  7.64379e-06  3.33006e-08 -1.57963e-07            0
    0.583789     0.336906    0.0488783     -0.29091    -0.677243  1.76496e-14   0.00135822  -0.00248523   0.00111016  4.43043e-06  1.29968e-05            0
 -0.00411328  -0.00339702  -0.00248778  -0.00149589 -0.000281385  2.27878e-17     0.439009    -0.815753     0.376539  0.000168433  7.54213e-05            0
  0.00153567   0.00152356   0.00151128   0.00149751   0.00148253  3.54025e-16    -0.513591     0.093968     0.802542    -0.153254    -0.244587            0
   -0.446826    -0.446984    -0.447172    -0.447396    -0.447646  5.76534e-19  -0.00404199   0.00460881  0.000717658 -0.000211417  -0.00105995            0
 0.000170524  0.000169417   0.00016838  0.000167593  0.000166333  1.51317e-18    -0.146572    -0.114794   -0.0780708     0.833309    -0.514626            0
-3.71294e-05 -3.80748e-05 -3.81345e-05 -3.76578e-05 -3.69413e-05   1.7679e-21    -0.695638    -0.479337    -0.227545    0.0847654     0.476826            0
 1.12689e-07  1.92477e-07  2.28583e-07  2.14845e-07   1.6335e-07  5.15318e-28     0.195146     0.287661     0.395312     0.524332     0.669308            0

-5.98672e-21 -3.13271e-20    -0.127586    -0.199464      0.11349      1.01553  -0.00544684   0.00154402    -0.446539  0.000170779 -4.33579e-05  2.41653e-07
-1.81629e-16  6.56506e-18    -0.247696     0.151527    0.0385831   0.00217979  -0.00071624    0.0466663  0.000158609   0.00245014    0.0167524   0.00716399
 5.11079e-16 -3.85292e-16      5.59548     -6.07921     -0.43218   -0.0303742    0.0207992     -1.56624  -0.00293788    -0.201741     -1.07417    0.0332875
-2.07126e-21 -4.49593e-21     -2.39359     0.372884      2.55315      3.34433   -0.0101594   0.00012085   0.00218424  9.72053e-06 -1.02696e-05 -2.54229e-07

