22.5913
35.4772
50.5402
68.3101
88.5002
 107.71

0.00199028

0.379847

-6.03484e-08   -0.0136773            0 -0.000141037   0.00450173    0.0093368

0.000150104  -0.0159764           0  0.00320568  0.00558145  0.00775817

          0
1.83659e-12
0.000195883
0.000226352
0.000376025
  0.0121685
   0.124579
   0.458094
    1.33755
    1.40841
    4.21364
     36.938

           0
           0
-3.31527e-05
 0.000316729
 0.000844788
   -0.142625
  -0.0238782
     2.83707
   0.0362323
    0.013941
     1.13032
     61.5733

0.000945815
-0.00034208
-0.00609407
  0.0140652

           0            0            0            0            0            0            0            0            0            0            0            0
           0            0            0            0            0            0            0            0            0            0            0            0
   -0.181913     0.384244 -6.13417e-07    -0.618177     0.626626    -0.210857 -1.23016e-05  1.52992e-05 -8.48825e-17 -1.85734e-06 -1.30442e-06  -3.2018e-07
     0.32705    -0.634039 -6.45302e-08     0.190165     0.531724    -0.414897  -2.3011e-06  4.15376e-06  2.95821e-16 -1.18028e-06 -9.82124e-07  3.96621e-07
   -0.562785     0.288367  1.55571e-07     0.615993      0.11415    -0.455675  3.32514e-05 -4.03441e-05  6.97818e-17  7.62882e-07  1.83318e-06  3.70732e-06
    0.586012     0.409055  2.09665e-11   -0.0475596    -0.333836    -0.612814    0.0023362  -0.00282168  3.99879e-23  5.45624e-05  0.000151729  0.000275628
  -0.0045251  -0.00391294 -1.34406e-12  -0.00226803  -0.00116401 -0.000129981     0.632786    -0.769775  4.93152e-27     0.030818    0.0465957    0.0621733
    0.446977      0.44705  7.74795e-14     0.447191      0.44736     0.447458   0.00321377  -0.00427884  1.86538e-33  0.000357906  0.000254997  0.000237114
-7.95522e-05 -9.29602e-05 -1.52569e-14 -0.000128102 -0.000148219 -0.000173104    -0.260841    -0.213814  2.17902e-33      0.77684     0.168978    -0.504195
-2.47491e-05 -2.30325e-05  3.43774e-14 -1.91414e-05 -1.66646e-05 -1.33884e-05   -0.0109216  -0.00865399 -3.76459e-33     0.429015    -0.810416     0.398719
-7.18478e-05 -7.01246e-05  1.05084e-15 -6.31308e-05 -5.93013e-05 -5.54292e-05    -0.712637    -0.555606  2.79395e-41    -0.171654     0.109991     0.376679
 1.89047e-05  1.89193e-05 -4.27219e-17  1.85978e-05  1.82611e-05  1.74928e-05     0.153484     0.230068            0     0.426675      0.54809     0.664122

 9.75782e-19  5.69468e-20    -0.367253     0.683081    -0.611364      0.89244  -0.00561592     0.446832 -5.76597e-05 -2.65617e-05  -8.1617e-05  1.90423e-05
 3.67208e-17  -8.0224e-18     0.561317     0.336485   -0.0743043    0.0120456   -0.0980951  1.64187e-05   0.00364827  0.000174295    0.0121569   0.00592681
-1.62099e-15 -4.54985e-16     -20.2329     -6.65357      1.83644    -0.251359      2.80215  -0.00191369    -0.343257   -0.0148339    -0.987489    0.0195303
 1.85072e-30  8.29929e-22    -0.142724      2.36253      3.35381      2.35692   -0.0084862 -0.000958809  0.000178082   -2.092e-05 -3.86085e-05   2.6092e-07

