22.5913
35.4772
50.5402
68.3101
88.5002
 107.71

0.0014215

0.380116

          0  -0.0126702 -0.00303864 0.000335913  0.00660175  0.00877106

-5.31935e-16   -0.0233336   0.00993139    0.0028238   0.00502355   0.00629592

          0
          0
9.95526e-05
0.000118776
0.000187351
 0.00974027
   0.179637
    0.48659
    1.28959
    1.41283
    3.35113
     38.369

          0
          0
4.03512e-05
2.77678e-05
0.000311637
 -0.0813296
 -0.0248379
    2.82122
  -0.054376
 -0.0100444
  -0.916422
    63.7769

0.000418532
-0.00107359
  0.0271554
 0.00559208

           0            0            0            0            0            0            0            0            0            0            0            0
           0            0            0            0            0            0            0            0            0            0            0            0
           0   -0.0800521     0.318978    -0.634527     0.651106    -0.255502  1.20225e-08  1.65563e-06 -1.89838e-06 -4.81368e-07 -1.00634e-07  6.34573e-07
           0     0.304854    -0.713474     0.235234     0.491443    -0.318069 -2.09143e-09 -2.36727e-06  3.99405e-06  -6.6723e-07 -4.60156e-07 -3.90242e-07
           0    -0.586569     0.272115     0.583896     0.185215    -0.454588  1.66777e-09  2.16746e-06 -3.01749e-06  1.03291e-07 -2.09361e-07  4.74661e-07
           0     0.597404     0.339637    0.0337366    -0.316347    -0.653101  9.28384e-13  0.000570396 -0.000737944  2.00368e-05  3.64909e-05  0.000114572
           0  -0.00184462  -0.00161169  -0.00131906 -0.000991281 -0.000674556 -5.48156e-15     0.599339    -0.791221    0.0372163    0.0668193    0.0943587
           0     0.446875     0.446996     0.447176     0.447397     0.447615 -7.08603e-19   0.00188361   -0.0021763  0.000255461 -0.000226146  0.000368449
           0 -5.73813e-05 -4.90436e-05 -3.94322e-05 -2.95466e-05 -1.77262e-05  2.46494e-19      0.34589     0.258615    -0.777529    -0.192523     0.414561
           0  0.000211532  0.000205437  0.000197582  0.000188681  0.000179787  2.77242e-18   0.00673419   0.00538355    -0.414727      0.81257    -0.409458
           0  -8.6682e-05 -8.75533e-05 -8.95445e-05 -9.12767e-05 -9.29454e-05  5.99742e-21     0.686781     0.460316     0.230034    -0.140181    -0.493836
           0  1.40988e-05  1.42071e-05   1.4226e-05  1.41869e-05  1.38946e-05  7.65983e-31     0.222341     0.308484     0.411276     0.527777     0.638518

-2.98156e-19 -4.43038e-20    -0.253321      1.08059     -1.17024      1.19947  -0.00238758     0.446543 -7.28575e-05    0.0002272 -7.85243e-05   1.3794e-05
-3.91928e-16 -4.83943e-19     -1.55677      1.23301     0.204527    0.0187564   -0.0867916 -7.07195e-05  -0.00580139 -8.71777e-05   -0.0150199   0.00571517
 3.45833e-16  3.22963e-16      61.0751     -53.1944     -7.07386    -0.526767      3.64809   0.00422564     0.551682   0.00974338      1.22013    0.0193715
 5.42101e-20 -8.99973e-22     0.359284      2.75588      3.91226      2.95419  -0.00268988  -0.00168941 -8.60877e-05  7.81336e-05  2.15645e-05 -1.98565e-06

