12
4

22.5913
35.4772
50.5402
68.3101
88.5002
 107.71

0.00142135

0.379989

-0.00922062 -0.00409062 -0.00112946  0.00183221  0.00548072  0.00712802

 -0.0149921 -0.00584661   0.0100025  0.00245227  0.00386296  0.00488041

7.85677e-05
9.01333e-05
0.000128365
 0.00028587
   0.012149
  0.0412539
    0.28351
   0.532954
    1.34837
    1.41272
    4.46436
    38.7893

1.19454
1.21298
1.23455
1.26002
1.28904
1.31676
8.61402
13.5107
19.2411
26.0544
33.7758
41.1432

 -3.8486e-05
-4.48216e-05
-0.000146796
-0.000301307
    0.102072
  -0.0118465
-0.000399391
     3.06278
  -0.0333863
  -0.0101822
    -1.33654
     64.3241

0.000305861
-0.00186498
  0.0430114
 0.00541834

  -0.0392386     0.166467    -0.384489     0.634094    -0.606653     0.229813  5.01879e-06 -9.59957e-06  4.41919e-06  3.64342e-07  2.14568e-07 -3.05381e-07
    0.142859    -0.505692     0.629787   -0.0524303    -0.495512     0.280987  1.28641e-05 -2.37929e-05   1.0617e-05  2.99125e-07  8.07525e-08 -1.08621e-09
   -0.301734     0.623649      0.12526    -0.525604    -0.296212     0.374603  1.19981e-05 -2.32936e-05  1.07874e-05  1.16712e-07  3.28771e-07 -5.40598e-08
    0.649913    -0.156101    -0.496668    -0.381388   -0.0168087     0.401033 -2.42649e-05  4.29696e-05 -1.60144e-05  -2.6867e-07 -2.95403e-07 -6.63489e-07
   -0.546069    -0.369792    -0.163016    0.0822462     0.362755     0.632548  -0.00217968   0.00319486  -0.00076304 -3.56521e-05 -6.02421e-05 -0.000163364
 0.000556461 -7.17863e-05    -0.000839  -0.00181699  -0.00293838  -0.00394901    -0.441436     0.815876    -0.373433 -0.000288883 -0.000412714 -0.000338444
 -0.00267031  -0.00281788  -0.00299185  -0.00320079  -0.00344073  -0.00367199    -0.554163    0.0687471      0.80567   -0.0684512    -0.110348    -0.148832
    0.407949     0.408049     0.408146     0.408267     0.408416     0.408574  -0.00577335   0.00363169   0.00485357 -0.000631256  -0.00119068  -0.00093112
-0.000146386 -0.000137833 -0.000128226 -0.000116674 -0.000104364 -9.10294e-05     0.211434     0.173204     0.128855     -0.79593    -0.182632     0.491765
  0.00014641  0.000140571  0.000134222  0.000126262  0.000117253  0.000108277   0.00737202   0.00645279   0.00517957    -0.428724     0.810052    -0.399859
-3.60637e-05 -3.52176e-05  -3.5132e-05 -3.56466e-05 -3.59643e-05 -3.61375e-05     0.656793     0.500929     0.318508     0.111471    -0.161175    -0.421715
 1.44616e-05  1.46323e-05  1.47457e-05  1.47802e-05  1.47143e-05   1.4415e-05     0.147867     0.220513     0.305519     0.406914     0.521829     0.631097

  -0.0670298   -0.0316718    -0.961659     0.709664    -0.852972   0.00172008  -0.00242085     0.407796 -0.000158117  0.000156095 -3.07651e-05  1.43384e-05
    0.793799    -0.183863    -0.310556   -0.0329827   -0.0106531  0.000790096    0.0476994  0.000115736  -0.00295098 -8.25392e-05   -0.0120951   0.00563688
    -23.8287      2.12626      6.08134      1.24792     0.226177   -0.0312629     -1.62579  -0.00619208     0.277905   0.00931461     0.930262    0.0204176
   -0.182289     -3.02425     -4.87619     -3.16506     -2.36873   0.00899749   0.00197057  -0.00121936 -0.000106401  7.75817e-05  7.81276e-06 -1.91625e-06

