22.5913
35.4772
50.5402
68.3101
88.5002
 107.71

0.000286393

0.380636

-1.93027e-09   -0.0117837  -0.00368818            0   0.00355072    0.0119172

0.000180177  -0.0224707   0.0105432           0  0.00477308  0.00772418

       -nan
       -nan
4.90884e-05
5.93798e-05
9.69911e-05
  0.0118028
  0.0429714
   0.302337
   0.507744
    1.39461
    4.42707
    35.3743

          0
          0
5.70737e-08
3.10704e-06
5.13648e-05
 -0.0180421
 -0.0101182
  0.0365173
   -2.67266
  0.0057859
    1.30003
   -58.7431

-0.000180637
 0.000210606
  -0.0142403
-0.000134938

           0            0            0            0            0            0            0            0            0            0            0            0
           0            0            0            0            0            0            0            0            0            0            0            0
  -0.0155599    0.0509045     0.230147  1.04297e-08    -0.806895     0.541405  5.88703e-06  -1.0882e-05  5.16833e-06 -1.21038e-16  3.53141e-08 -4.44569e-08
     0.19845     -0.74149     0.626793  3.37214e-08    0.0430755    -0.126826  6.52131e-07 -1.18758e-06  4.27141e-07 -7.71681e-18  -2.2697e-08   4.2184e-08
   -0.689781     0.349441     0.577193    5.978e-09    0.0245731    -0.261417 -2.31953e-06  7.11019e-09  1.33392e-06 -1.32752e-19 -2.49308e-07 -3.20701e-08
     0.53391     0.354705     0.145417  7.91208e-14    -0.382244    -0.649506   0.00143494   -0.0025038   0.00102147            0  1.23355e-05  3.46175e-05
 -0.00332145  -0.00277329  -0.00213849 -1.28549e-12 -0.000512961  0.000285082     0.439211    -0.815699     0.376437            0 -2.62477e-05  8.83821e-05
  0.00175915   0.00172801   0.00169428 -2.22756e-15   0.00161171   0.00156971    -0.567775    0.0604307     0.793473            0    -0.124998    -0.169532
   -0.446659     -0.44684    -0.447054 -1.93063e-17    -0.447603    -0.447879   -0.0037488   0.00333559   0.00155858            0 -0.000286465 -0.000809413
 0.000113162  0.000111381  0.000109342 -9.47859e-17  0.000104066  0.000101315   -0.0913672   -0.0763493   -0.0586416            0     0.799814    -0.585391
-3.84866e-05 -3.92125e-05 -3.91215e-05  3.54001e-17 -3.76373e-05 -3.67333e-05    -0.670943    -0.516414    -0.336268            0     0.134692     0.389787
 3.95882e-07  3.30635e-07  2.93849e-07  1.31379e-20  3.31364e-07  4.27486e-07    -0.161852    -0.241772    -0.334928            0     -0.57143    -0.690392

 2.00825e-20  -2.0936e-20    -0.167322    -0.217259   -0.0714535     0.847502  -0.00428759   0.00179827    -0.446332  0.000115576 -4.41541e-05  3.30302e-07
-1.27133e-16 -1.13061e-17     0.172724     0.306845     0.209585    0.0025166  0.000337925    0.0478436  8.11796e-05   0.00117194    0.0119751   -0.0061927
 7.59517e-16  2.18424e-16     -3.68486     -11.9648     -6.96473   -0.0592717   -0.0116839     -1.64195 -0.000293364    -0.117876      -0.9415   -0.0219451
-2.00475e-20 -3.93543e-22     -2.25089     0.472468      1.80274       2.4293  -0.00741536  0.000371542   0.00250645  2.36344e-05 -1.06687e-05  3.30968e-07

