22.5913
35.4772
50.5402
68.3101
88.5002
 107.71

0.00199028

0.379847

-9.5275e-08  -0.0208567  0.00237765  0.00617289   0.0123417           0

0.000224427  -0.0346909   0.0218561  0.00526707  0.00845077           0

          0
2.79133e-09
0.000179144
0.000229674
0.000380086
 0.00888155
  0.0436842
   0.413611
    0.45809
    1.38688
    3.81909
    30.1036

           0
           0
-0.000249509
-0.000173298
 0.000618744
   -0.105013
  0.00273939
    0.163635
    -2.78079
  -0.0362053
     1.38267
     49.5615

0.000757698
-0.00136458
  0.0198112
  0.0117742

           0            0            0            0            0            0            0            0            0            0            0            0
           0            0            0            0            0            0            0            0            0            0            0            0
   -0.255491     0.737021    -0.618183    0.0629223    0.0735807  1.42952e-10  0.000163994 -0.000305658  0.000142127 -2.47045e-07 -2.28499e-07            0
   -0.133396     0.252079     0.317833     -0.81926     0.382696  3.22932e-11 -4.33599e-05  7.62395e-05 -3.18282e-05 -9.34127e-07 -5.69744e-07            0
   -0.616395     0.282014     0.560569     0.203835    -0.429814 -3.37885e-11  4.42748e-05 -7.43122e-05  2.51005e-05  1.70576e-06  2.48133e-06            0
    0.580525     0.337239    0.0517508    -0.288624    -0.680638 -3.44117e-14   0.00160438  -0.00268355  0.000942227  3.41926e-05  0.000100136            0
 -0.00139508    -0.001021  0.000395897   0.00117274   0.00261162  9.77558e-17     0.441442    -0.816018     0.373138    0.0006602  0.000922599            0
   0.0182412     0.018165    0.0180722    0.0179605    0.0178232 -6.55543e-17    -0.512332    0.0898134     0.803318    -0.152308    -0.243521            0
   -0.446815    -0.446836    -0.446755    -0.446852    -0.446987 -1.83108e-18   -0.0201989   0.00310332     0.032832  -0.00659604  -0.00955556            0
 0.000235283  0.000240908   0.00024768  0.000255954  0.000264503  -1.0578e-18     0.147683     0.115778    0.0786844    -0.833823      0.51316            0
-4.14655e-05 -4.01786e-05 -3.78789e-05 -3.44481e-05 -3.15099e-05 -1.53656e-21    -0.694784    -0.480091    -0.229273    0.0821685     0.476939            0
 2.40383e-05  2.40307e-05  2.38883e-05  2.35146e-05  2.30391e-05 -2.42656e-30     0.194164     0.286601     0.394477     0.524162     0.670673            0

-6.64365e-19 -1.16749e-21    -0.456679    -0.425395    -0.633826      1.00044   -0.0030759    0.0183652    -0.446738  0.000225121 -5.09704e-05   2.4326e-05
 3.70703e-16   2.0344e-18   -0.0164752     0.023616   -0.0789787    0.0211979   -0.0030276    0.0467096   0.00154637  -0.00247168    0.0166155   0.00714989
 1.61691e-15 -5.05034e-16    -0.404343     -7.32969      1.32529    -0.450598     0.109109     -1.57008   -0.0521394      0.20352     -1.07052     0.032544
 4.69574e-20  4.82845e-21    -0.652671     -2.34515      2.87377      3.22649   -0.0114691   0.00102348  0.000381476 -7.64634e-05  -3.3202e-05  9.13245e-07

