22.5913
35.4772
50.5402
68.3101
88.5002
 107.71

0.00254455

0.378939

-7.40809e-08   -0.0131175  0.000282098            0    0.0033247   0.00956461

0.000138105  -0.0232872   0.0117942           0  0.00469484  0.00735029

       -nan
5.13806e-08
0.000221031
0.000342094
0.000525643
  0.0121965
  0.0423749
   0.298533
   0.426259
    1.39424
    4.45706
    35.5324

           0
           0
-0.000408026
 0.000667999
  0.00153645
   -0.185511
  0.00395829
   0.0449468
    -2.84763
 -0.00027605
     1.27032
     59.0173

 0.00201992
-0.00320198
  0.0650235
   0.025539

           0            0            0            0            0            0            0            0            0            0            0            0
           0            0            0            0            0            0            0            0            0            0            0            0
   -0.270166     0.729694    -0.588986  -1.1283e-08     0.204768   -0.0756495  0.000148932  -0.00028462  0.000137978 -3.22925e-17 -9.70396e-07 -1.44318e-06
    0.187079    -0.315783    -0.144636 -3.70235e-10     0.771954    -0.498447 -5.94742e-06  1.05814e-05 -2.65981e-06 -2.78148e-17 -2.92487e-06  1.03319e-06
   -0.643505     0.203761     0.639862  1.10974e-09     0.139837    -0.339714  2.92643e-05 -3.33433e-05 -3.56479e-06 -1.02778e-18  2.41555e-06  3.86874e-06
    0.527411     0.355507     0.151533  5.24631e-13    -0.377413    -0.655753   0.00352637  -0.00490467  0.000898403 -4.17241e-27  0.000150364  0.000324356
 -0.00254432  -0.00191875 -0.000269878 -4.71348e-13   0.00260346   0.00434641     0.442863    -0.815888     0.371701 -4.18086e-29  0.000504514  0.000945725
  0.00367223   0.00340392   0.00309454 -1.25712e-14    0.0022171   0.00176154    -0.566902     0.054267     0.795156 -1.80547e-37     -0.12273    -0.168225
   -0.446914    -0.447111    -0.446969 -2.15752e-16    -0.447382    -0.447646  -0.00308883  -0.00042418   0.00542931 -2.16039e-41  -0.00068855  -0.00117107
 9.06013e-05  7.76057e-05  6.46855e-05 -4.89988e-16  3.18296e-05  9.22821e-06   -0.0917433   -0.0772937    -0.059955 -3.86321e-45     0.800962    -0.583502
-5.43705e-05 -5.21868e-05 -4.85691e-05  1.25888e-16 -3.81174e-05 -3.34347e-05    -0.669663    -0.517708    -0.339673 -4.80987e-53     0.130991     0.388579
 2.35121e-06   2.4251e-06  2.44078e-06  1.12932e-20  1.94932e-06  1.14219e-06     0.160023     0.239501     0.332511            0     0.571172     0.692986

-2.93815e-21 -2.11494e-20     -0.39601     0.447396    -0.772151     0.823411  -0.00440488   0.00412023     -0.44668  0.000110132 -6.59386e-05  2.39096e-06
 3.86051e-16 -1.10058e-17      0.44936     0.396159    0.0131012    0.0198105  -0.00377972    0.0481777  0.000144876   0.00114543    0.0117526    0.0061447
 5.03735e-16 -8.34377e-16     -15.0849     -9.70892     -1.51977    -0.441818     0.117787     -1.65777  -0.00465152    -0.117812    -0.935482    0.0210933
-4.89162e-20  3.52842e-20       0.5927      1.94166      2.12779      2.27002    -0.013716   0.00355923   0.00142592  0.000147033 -4.80042e-05 -1.14225e-06

