22.5913
35.4772
50.5402
68.3101
88.5002
 107.71

-0.00199109

0.379766

          0  -0.0103351 -0.00327369 -0.00159114   0.0041044   0.0110875

2.46367e-15  -0.0193435  0.00544583  0.00197766   0.0051247  0.00752616

       -nan
          0
0.000137359
0.000214559
0.000306888
 0.00993387
   0.178598
   0.462067
    1.29199
    1.40536
    3.35575
    38.3455

           0
           0
-0.000135264
-0.000166185
-0.000526427
    0.118397
 -0.00555264
     2.39661
  -0.0569375
   0.0122368
   -0.909543
     63.8801

-0.00176267
-0.00471084
   0.153179
 -0.0135872

           0            0            0            0            0            0            0            0            0            0            0            0
           0            0            0            0            0            0            0            0            0            0            0            0
           0    -0.198359     0.523806    -0.638648     0.495218    -0.182124 -1.51267e-09  2.32808e-06 -3.69549e-06  1.37464e-06  2.38131e-07  2.39168e-08
           0     0.279944    -0.598399    0.0338066     0.653144    -0.368523 -4.40264e-10  1.49963e-05 -2.13281e-05  1.85717e-06  3.05034e-06  1.51862e-06
           0    -0.573017     0.228175     0.624267     0.169225      -0.4486 -8.72611e-11 -1.18044e-05  1.28435e-05  6.09048e-07 -2.88475e-07 -1.86426e-06
           0     0.595195     0.340084     0.036559    -0.315161    -0.655302 -8.76318e-14 -0.000821221   0.00107791  1.55575e-06 -7.51659e-05 -0.000170902
           0  -0.00477812  -0.00446492  -0.00404681  -0.00353972   -0.0030957 -1.97866e-15     -0.59979     0.790897   -0.0371322   -0.0663178   -0.0942103
           0     0.446829     0.446995     0.447128     0.447421     0.447603  2.19355e-18  -0.00477638   0.00746694  -0.00176757 -0.000310747 -0.000562352
           0 -0.000617646 -0.000632937 -0.000651679 -0.000672496   -0.0006979   2.1181e-16     0.346222     0.259141    -0.766158    -0.214373     0.424288
           0  0.000341449  0.000338888  0.000338265  0.000336291   0.00033334  2.34519e-16   -0.0155061   -0.0116473     0.435239    -0.807467     0.397726
           0 -5.10679e-05 -4.33471e-05 -3.39486e-05 -2.45036e-05 -1.57114e-05  2.50675e-19     0.686268     0.460837     0.231188    -0.138532     -0.49399
           0  3.73556e-06  3.94074e-06  4.31712e-06   4.7791e-06  5.58377e-06  6.25795e-29     0.221707     0.307838     0.410779     0.527685     0.639446

-2.30393e-19  3.47416e-20    -0.962182     0.799661    -0.838153      1.18638  -0.00554832     0.446471  -0.00057668  0.000344858 -6.42265e-05  3.59541e-06
-7.25938e-16  -4.1601e-18   -0.0847088     -1.44073    -0.132004   -0.0283051    0.0872932  0.000117009  -0.00576375  0.000252775   -0.0149221   0.00570423
 8.77147e-16 -8.12859e-16      7.33433      54.6465      1.81718     0.820716     -3.67928  -0.00587294     0.550812   -0.0244226      1.21643    0.0190624
  1.0842e-19 -2.05405e-20     0.113381      1.88367      2.72645      2.88807  -0.00380535  -0.00186863  0.000192532  1.74875e-05 -7.82455e-05 -8.30448e-07

