22.5913
35.4772
50.5402
68.3101
88.5002
 107.71

-0.00199109

0.379766

-1.05305e-07            0    -0.015249 -0.000155999 -0.000257196    0.0156683

0.000413411           0  -0.0187717  0.00265134  0.00617487   0.0110721

5.32751e-10
1.34027e-07
0.000207171
0.000299944
0.000456208
  0.0113055
   0.283275
   0.462029
    1.32049
    1.40558
    3.83482
    37.8202

           0
           0
-0.000100504
-0.000220242
 -0.00068827
    0.134991
   0.0248065
     2.40809
   -0.044794
   0.0102434
      -1.048
     63.0239

-0.00130643
-0.00206335
   0.032537
 -0.0132294

           0            0            0            0            0            0            0            0            0            0            0            0
           0            0            0            0            0            0            0            0            0            0            0            0
  -0.0627161   -3.455e-07     0.382333    -0.697359     0.571089    -0.193483  4.29291e-06  4.29151e-11 -7.92571e-06   2.2635e-06  1.10575e-06  6.39379e-07
    0.115409  2.33009e-07    -0.581699      0.29181     0.610671    -0.436159  4.05845e-06  1.19167e-11 -9.25973e-06  2.33977e-06  2.77106e-06 -6.55799e-08
   -0.571587 -7.04462e-08     0.497781     0.478062    0.0379305    -0.442176 -1.60938e-05 -4.70656e-12  2.16342e-05 -2.89941e-07 -1.85438e-06  -4.4799e-06
    0.675602 -1.21383e-10     0.260365   -0.0058273    -0.315101    -0.613554 -0.000592581 -6.59446e-15  0.000935731 -5.47983e-06 -0.000102506 -0.000223092
-0.000162705  7.01026e-14  0.000274968  0.000575624  0.000952565    0.0012855    -0.515264    -1.22e-16     0.834188   -0.0684943    -0.109485    -0.148163
    0.446763 -1.31401e-14      0.44707     0.447168     0.447448     0.447616  0.000942292 -2.78228e-21 -0.000936766 -0.000330046 -8.43291e-05  0.000500427
 -0.00022164 -1.06908e-14 -0.000258083 -0.000281829 -0.000308004  -0.00034084     0.319783 -7.00384e-21     0.195179    -0.763987    -0.198259     0.486478
-4.42726e-05 -1.54134e-14 -4.76007e-05 -4.78752e-05 -5.01289e-05 -5.31607e-05    -0.018424  1.87083e-20   -0.0115608       0.4459    -0.806081     0.388502
-5.67494e-05 -2.17742e-16 -4.54266e-05 -3.85319e-05 -3.19556e-05 -2.59926e-05     0.780666 -1.00695e-26     0.410439     0.198302    -0.112786    -0.412378
 3.31592e-06  6.55007e-17  3.63797e-06  4.05841e-06  4.47715e-06  5.31268e-06     0.149876            0     0.312153     0.416511     0.534995      0.64838

  1.0842e-19 -2.95836e-20     0.172806     0.273161     -0.63652      1.00545 -0.000526867     0.446569 -0.000188855  -4.1731e-05 -5.94626e-05  3.28283e-06
 6.42753e-16  2.33509e-18    -0.105797    -0.487792    0.0135049   -0.0173788     0.047288  3.28542e-05  -0.00445577  0.000243155   -0.0131993   0.00578594
 3.24888e-16  1.47199e-16      3.77748      14.2447       1.4649     0.351417     -1.58546  -0.00271995     0.420901   -0.0237905      1.07914     0.019112
-6.79917e-30  1.74267e-20      1.01788      1.12224      2.36031      2.53579   -0.0028133  -0.00173467  0.000238783  1.69586e-05 -5.40589e-05 -8.14526e-07

