22.5913
35.4772
50.5402
68.3101
88.5002
 107.71

-0.00254099

0.379935

-1.23547e-07  -0.00794947  -0.00474874 -2.16617e-05            0    0.0127263

0.000262505   -0.020198  0.00772429  0.00310147           0   0.0101086

          0
2.38043e-08
0.000330379
0.000505863
0.000627361
  0.0111442
  0.0453074
   0.334779
   0.432307
    1.35281
    4.41303
    33.1256

           0
           0
-0.000345283
-0.000915462
 -0.00128964
    0.172269
  -0.0287626
  -0.0170329
     -2.4325
  -0.0237826
    -1.35073
    -55.0529

-0.00229338
-0.00456406
  0.0911584
 -0.0260412

           0            0            0            0            0            0            0            0            0            0            0            0
           0            0            0            0            0            0            0            0            0            0            0            0
   -0.146856     0.441974    -0.704696     0.523098  2.79239e-11    -0.113422 -0.000265559   0.00049701  -0.00023317 -2.53584e-07            0  1.49564e-06
      0.2686    -0.685503    0.0222759     0.632895  1.35695e-09    -0.238507  0.000311315 -0.000583769  0.000273043 -5.54181e-07            0 -5.79924e-07
   -0.667544     0.173855     0.540972     0.315754  2.64869e-10    -0.363053 -0.000163148  0.000259971 -8.87808e-05 -2.00614e-06            0 -7.75829e-06
    0.510614     0.323496     0.101192    -0.161378 -4.33917e-13    -0.773519  -0.00185004   0.00244286 -0.000304156 -2.22225e-05            0  -0.00025775
 -0.00441746  -0.00365423  -0.00539493  -0.00592233 -1.16322e-13  -0.00769072     0.440124    -0.815652     0.375295  8.31215e-05            0  0.000234054
  0.00301317   0.00284898   0.00265115   0.00237591 -2.07072e-15   0.00173309     0.558976   -0.0634054    -0.793315    0.0961479            0     0.211897
    -0.44712    -0.447042    -0.447191    -0.447244 -5.22582e-17    -0.447267  -0.00180762   0.00982354  -0.00879845  -0.00102443            0   0.00186899
 0.000839783  0.000825197  0.000808364  0.000784979 -2.86535e-16  0.000732812     0.208169     0.172558     0.130909    -0.871356            0     0.387928
-1.27819e-05 -7.25683e-06 -1.44173e-06  5.03513e-06 -1.43283e-17  1.65043e-05     0.648631     0.484243     0.292056    0.0701057            0    -0.504554
 9.71116e-06  1.00132e-05  1.03568e-05  1.03874e-05 -1.68135e-24  1.02617e-05    -0.172549     -0.25753    -0.356781    -0.476003            0    -0.741642

-1.09479e-19 -1.30963e-20    -0.206985    0.0141694    -0.682514     0.832413  -0.00311324    0.0033354    -0.447064  0.000866141 -1.59659e-05  9.04735e-06
 2.64918e-16  1.12356e-17    -0.775014    -0.153768     0.136371   -0.0261057  -0.00234461   -0.0475978 -0.000151034  -0.00276041   -0.0126936  -0.00656058
 1.14581e-15 -1.59974e-15      26.7253      3.58851     -3.91171      0.57713    0.0612477      1.63871    0.0100325     0.270849     0.935636   -0.0242974
 -3.3246e-20  5.50571e-20     0.506141      1.05112      1.59873       2.4638   0.00594739   0.00237622  0.000661925  0.000200951 -5.23199e-05 -4.78161e-06

