22.5913
35.4772
50.5402
68.3101
88.5002
 107.71

0.000854174

0.379905

-1.54567e-08   -0.0150282            0  0.000203217   0.00517763   0.00964812

0.000157064  -0.0160775           0  0.00323647  0.00559338  0.00781944

          0
1.05952e-12
4.77672e-05
8.71358e-05
0.000162719
  0.0117998
    0.12563
   0.506372
    1.33547
    1.41105
     4.2016
    36.8387

          0
          0
1.28182e-05
1.75192e-05
9.38957e-05
 -0.0587205
 -0.0131937
    2.75688
 -0.0344455
  0.0113937
    1.17839
   -61.2612

-0.000119625
 9.88009e-05
  -0.0130591
  0.00104988

           0            0            0            0            0            0            0            0            0            0            0            0
           0            0            0            0            0            0            0            0            0            0            0            0
  -0.0171121    0.0763961 -1.45095e-06    -0.488851     0.790386    -0.360812 -3.64033e-07  4.40809e-07 -2.76518e-16 -1.89084e-07  -6.6124e-08   3.4693e-08
    0.301193    -0.693289  5.33338e-07     0.506997     0.229767    -0.344665  3.16416e-06 -3.60631e-06  3.09681e-16  1.35867e-07  1.54129e-07  1.77482e-07
   -0.601637     0.383052   1.1246e-07     0.548851    0.0951961    -0.425445  1.20078e-06 -2.82994e-06  4.51411e-17 -3.63714e-08 -2.44714e-08  4.62512e-07
    0.589478     0.408791 -1.41827e-11   -0.0519912    -0.336409     -0.60789  0.000790229 -0.000968313  1.20487e-24  3.65487e-05  5.18287e-05  8.73919e-05
  -0.0014461  -0.00121778  1.59469e-12 -0.000646984 -0.000287187  5.66107e-05     0.632193    -0.770233  3.65408e-28    0.0312252    0.0472153    0.0621751
    0.446695     0.446848  1.48089e-14     0.447256     0.447508     0.447757   0.00113807  -0.00110041   2.2509e-35 -0.000697185 -0.000192193   0.00074719
-0.000458465 -0.000457332 -2.62751e-14 -0.000454416 -0.000452895 -0.000451035     0.259349     0.211899  1.16919e-35    -0.767116     -0.18609     0.514529
-6.28006e-05 -6.14768e-05  8.53289e-15 -5.76524e-05 -5.51492e-05 -5.27846e-05   -0.0164066   -0.0135151 -4.38681e-35     0.446284    -0.806326     0.387579
-8.21187e-05 -8.20774e-05  4.57261e-16 -7.91148e-05 -7.70737e-05 -7.49841e-05    -0.713392    -0.555137  8.02192e-43    -0.168857     0.111466     0.376772
 5.99113e-06  5.86144e-06 -4.15703e-17  5.70149e-06  5.71673e-06  5.88933e-06    -0.154504    -0.231254            0    -0.427641    -0.548229    -0.662736

  1.0842e-19  1.05581e-19      0.29221     0.749117    -0.525575     0.904576  -0.00181821     0.446404 -0.000457822 -6.53983e-05 -8.93625e-05  6.08178e-06
-1.72759e-16  -9.5034e-18     0.951949    -0.262244    -0.165867   0.00626856   -0.0971831  6.16537e-05  -0.00367027   0.00022416    0.0122642  -0.00594743
 -4.7607e-16  8.45113e-16     -39.4705      13.1111      4.85369    -0.146874      2.76831   -0.0046675     0.342018   -0.0213612    -0.990504   -0.0201239
 -2.1684e-19 -2.06468e-20      3.13575      4.52595      3.87882      2.43884  -0.00297913  -0.00217528 -1.12828e-05 -1.95529e-05 -2.17702e-05  1.56712e-06

