22.5913
35.4772
50.5402
68.3101
88.5002
 107.71

-0.000854459

0.379186

 -0.00931512  -0.00434539    0.0012366 -0.000982799   0.00473222   0.00866961

 -0.0163952 -0.00597227   0.0127938  0.00177714  0.00332558  0.00480566

5.03847e-05
6.85289e-05
9.32835e-05
0.000193179
  0.0119904
  0.0417276
   0.284195
   0.554132
     1.3488
    1.40752
    4.45976
    38.7219

 2.20511e-06
-2.85907e-06
 2.39437e-05
-1.38145e-05
  -0.0642054
 0.000269888
  0.00997985
     2.75686
  -0.0359748
-0.000825922
     1.33233
     64.0878

-0.000329181
-0.000902547
   0.0216051
 -0.00126578

   0.0010864   -0.0056813   -0.0814282     0.506922    -0.779568     0.358663 -1.38346e-06  2.28506e-06  -5.4898e-07  -2.2649e-07 -4.99305e-08 -8.43506e-08
    0.110858      -0.4647     0.745613    -0.361132    -0.221405     0.190761  2.71853e-05 -5.08428e-05  2.40836e-05 -4.44215e-08 -6.66466e-08 -2.28335e-07
    -0.31044     0.673085    0.0561391    -0.541092    -0.210112     0.332423 -2.00864e-05  3.79033e-05 -1.79929e-05  1.39566e-07 -3.41634e-08 -1.47033e-08
    0.652053    -0.166372    -0.491342    -0.382271   -0.0114059     0.399336  1.39634e-05 -1.92061e-05  6.20374e-06 -1.91135e-07 -7.17618e-08  3.84056e-07
    -0.54759    -0.369968    -0.162174    0.0835443     0.363419     0.630806  0.000546187 -0.000471707 -0.000268927  3.56282e-05  4.94869e-05  0.000102109
 0.000226312   0.00023492  2.96403e-05 -5.84673e-05 -0.000210467 -0.000357593     0.438496    -0.815538     0.377648 -9.75369e-05 -0.000232073 -0.000312098
 -0.00206017  -0.00196078   -0.0018438  -0.00170224  -0.00153918  -0.00138447    -0.556276     0.073191     0.803753   -0.0687393     -0.11007    -0.149404
    0.407805     0.407945     0.408115     0.408313     0.408535     0.408753  -0.00230828  0.000309816   0.00349612 -0.000307575  -0.00109961 -0.000156447
-0.000162514 -0.000164077 -0.000166522 -0.000169973 -0.000173604 -0.000177507     0.210247     0.172421     0.128311    -0.777047    -0.216408      0.50889
 0.000268348  0.000271257  0.000274457  0.000278371  0.000283047  0.000287291    0.0173188    0.0141614    0.0105327    -0.461838     0.801558    -0.378944
-9.56142e-06 -1.24619e-05 -1.48453e-05  -1.7345e-05 -1.96937e-05 -2.16082e-05    -0.657134    -0.500829    -0.318116    -0.110843     0.162512     0.421251
 2.78514e-07  3.61469e-07  4.71361e-07  6.31239e-07  8.96223e-07  1.27832e-06     0.148136     0.220865     0.305905     0.407298     0.521676     0.630602

   -0.292158     -0.19857    -0.649387     0.634435    -0.857712  0.000423464  -0.00224791     0.407554  -0.00015766  0.000263613 -1.13206e-05  3.12778e-07
    0.221861     0.615776     0.228587      -0.1201   0.00676199  4.00689e-05    0.0477631   3.8497e-05  -0.00292985 -0.000246132    0.0121322   0.00564631
    -4.36384     -23.7465     -7.21761      4.40261    -0.157198   0.00244838     -1.62778  -0.00294388     0.276302     0.022884     -0.93135    0.0204998
    -3.16854     -2.41695     -3.53819      -2.8099     -2.39967   0.00112012  -0.00137381  -0.00194733  3.23449e-05 -3.81101e-05  1.80067e-05 -4.31955e-07

