22.5913
35.4772
50.5402
68.3101
88.5002
 107.71

-0.000854459

0.379186

-1.73715e-08    -0.010939  -0.00494783            0    0.0050358    0.0108545

0.000218353  -0.0204852  0.00797329           0  0.00529853  0.00784295

          0
6.50973e-13
6.68853e-05
8.29752e-05
0.000180499
  0.0119393
  0.0436133
   0.301745
   0.505842
    1.39252
    4.42937
    35.3692

           0
           0
 7.37921e-06
-4.85146e-06
-1.93117e-07
   0.0638991
  -0.0169367
   0.0277726
    -2.51885
   0.0171322
     1.28374
     58.5854

-0.000297372
  -0.0003691
  0.00220333
 -0.00118403

           0            0            0            0            0            0            0            0            0            0            0            0
           0            0            0            0            0            0            0            0            0            0            0            0
  -0.0404882     0.230524    -0.475229  -4.1763e-08     0.725144    -0.439935 -2.54937e-05  4.80721e-05 -2.31563e-05 -1.62234e-16  2.62912e-07  2.62154e-07
    0.260095    -0.736448     0.425616  5.62437e-08     0.347522    -0.296774   3.8011e-05 -7.12975e-05  3.33966e-05 -1.79501e-17   8.8092e-08 -1.17547e-07
   -0.668387     0.281105      0.60975   4.9651e-09    0.0858563    -0.308339 -1.65024e-05  2.25505e-05 -6.16951e-06  -1.2666e-19 -9.42401e-08 -7.71256e-07
    0.533278     0.354616     0.146018  1.06824e-13    -0.381752    -0.650235 -0.000468739  0.000360202  0.000271414 -1.39688e-30  -5.3494e-05 -0.000102262
 -0.00286086  -0.00280298  -0.00302087   1.1253e-12  -0.00316952  -0.00330094     0.437109    -0.815522     0.379228 -8.44091e-33 -0.000377823 -0.000527709
 9.37841e-05  0.000183146  0.000290625  7.53733e-17  0.000574276  0.000718018    -0.569576    0.0631787      0.79203 -1.54036e-39     -0.12451    -0.169634
    -0.44674    -0.446903    -0.447083  1.71526e-17    -0.447525    -0.447763  -0.00349421    0.0055299  -0.00195345 -7.16385e-46  0.000721184 -0.000763875
 0.000454381   0.00045708  0.000460377 -2.83572e-16  0.000469609  0.000474615   -0.0912134   -0.0763477   -0.0590477 -3.61172e-49      0.80003    -0.585077
-1.83903e-05 -2.13238e-05 -2.37075e-05 -1.42912e-16 -2.86221e-05 -3.05726e-05    -0.670863    -0.516443     -0.33667   -6.935e-56     0.134345     0.389659
 3.18016e-07  4.05184e-07  5.22927e-07 -3.01641e-20  9.83978e-07  1.40501e-06     0.161646     0.241577      0.33472            0     0.571314     0.690705

 9.62176e-21   4.9031e-21     0.442729     0.481426    -0.688262     0.844639  -0.00266804  -7.9972e-05    -0.446481  0.000448853 -2.01878e-05  3.51737e-07
-1.37254e-16   9.4273e-18    -0.902102    -0.103291     0.312403  -0.00630007  3.65001e-05    0.0478841  1.69697e-05   0.00114709    0.0119513   0.00618887
-1.37345e-15  -1.4303e-15      26.7903      1.08477     -9.72083     0.145898   -0.0108207     -1.64519   0.00185053    -0.117078    -0.940831     0.021841
-2.26714e-20  1.13417e-20       4.4498      3.31671      2.50514      2.41006     0.000868  -0.00126774    0.0020808 -4.13308e-05  1.80699e-05 -4.61896e-07

