22.5913
35.4772
50.5402
68.3101
88.5002
 107.71

0.00199028

0.379847

 -0.00855548  -0.00562293 -0.000273333   0.00293602   0.00509066   0.00643617

 -0.0151128 -0.00616031   0.0104184  0.00271854  0.00382868  0.00466104

0.000139385
0.000163568
0.000213517
0.000421205
  0.0123697
  0.0413063
   0.282871
   0.501802
    1.35147
    1.40846
    4.47153
    38.7818

  8.8054e-05
 5.38411e-05
-0.000364959
-0.000849877
    0.144924
  -0.0105224
 -0.00259005
     3.09635
   0.0312344
   0.0149225
     1.28739
     64.5169

  0.0010487
-0.00301786
  0.0710587
  0.0142283

    0.199017    -0.615514     0.692353    -0.318195    0.0253038    0.0171112  2.30932e-05 -4.11724e-05  1.74718e-05  4.90466e-08  2.84231e-07  2.35284e-07
  -0.0939753     0.240848   -0.0321333    -0.552166     0.734243    -0.296864  3.31889e-05 -5.93314e-05   2.6189e-05 -1.01425e-06 -3.88896e-07  1.09119e-06
    -0.27625     0.491884     0.284628    -0.514563    -0.402642     0.416926  3.70565e-05 -7.06862e-05   3.2758e-05  6.62499e-07  5.42518e-07 -4.42173e-07
    0.642825    -0.134408    -0.494926    -0.395024    -0.027148     0.408629 -3.51075e-05  4.86558e-05 -7.22001e-06 -8.95644e-07 -1.38691e-06 -2.90665e-06
     -0.5436    -0.369507    -0.164485    0.0797884     0.361389     0.635529  -0.00359811     0.005321  -0.00129038 -4.49427e-05 -0.000133873 -0.000248889
  0.00221213    0.0011903 -7.53985e-05  -0.00180539  -0.00351197  -0.00530003    -0.441462     0.815822    -0.373491 -0.000295086 -0.000270013 -0.000351242
 -0.00257158  -0.00279958  -0.00307344  -0.00341365  -0.00380618  -0.00419395    -0.554766    0.0683697     0.805431   -0.0684252    -0.109131    -0.148936
    0.408056     0.408135     0.408148     0.408247     0.408363     0.408449   -0.0059444   0.00287791   0.00534051 -0.000619366 -0.000614249  -0.00135607
-1.73781e-05 -2.89962e-05 -4.26928e-05 -5.90067e-05 -7.60658e-05 -9.69368e-05    -0.211803    -0.173758    -0.129488     0.791202     0.192026    -0.495283
 0.000118989  0.000120234  0.000122015  0.000123959  0.000126259  0.000129374   -0.0110355   -0.0087645  -0.00623552     0.437206    -0.808042     0.394565
-6.99972e-05 -6.81503e-05 -6.52461e-05 -6.12209e-05 -5.72143e-05 -5.33705e-05    -0.656234    -0.501133    -0.319394    -0.113463     0.161122      0.42116
 1.82883e-05  1.82948e-05  1.82242e-05  1.79904e-05  1.76336e-05   1.6902e-05     0.147214     0.219819     0.304856     0.406562     0.521846     0.632024

    0.414424    -0.153927    -0.782224     0.754129    -0.844984   0.00412909   -0.0021712     0.407955  1.29368e-06  0.000117119 -7.95261e-05  1.84289e-05
    -0.40384    -0.326435    -0.304119   -0.0290343   -0.0161253   0.00196857     0.047845  0.000164963   0.00293647  0.000174429    0.0120242   0.00562866
     10.3928      9.52973      7.65753      1.06874     0.358136   -0.0639576     -1.63175  -0.00723418    -0.277946   -0.0149598    -0.928175    0.0199359
   -0.548805     0.468271     -3.64325     -2.74533     -2.31898    0.0145834   0.00313456 -0.000749957  0.000152025 -1.93244e-05 -3.89003e-05   3.4003e-07

