22.5913
35.4772
50.5402
68.3101
88.5002
 107.71

-0.00028672

0.380248

-3.58295e-09            0   -0.0147495  -0.00706409   0.00670293    0.0151135

0.000416841           0  -0.0187363  0.00212551  0.00690202   0.0108775

       -nan
2.35072e-07
 4.9684e-05
5.90573e-05
9.45153e-05
  0.0108367
   0.283786
   0.507682
    1.31956
    1.40926
    3.81833
    37.7691

           0
           0
-6.24545e-07
 8.69872e-06
 3.85372e-05
   0.0217598
  -0.0420365
     2.58801
   0.0478225
 0.000357514
    -1.06791
     62.7859

-0.000201987
 0.000557604
  -0.0272776
-0.000219949

           0            0            0            0            0            0            0            0            0            0            0            0
           0            0            0            0            0            0            0            0            0            0            0            0
  -0.0406968 -1.82286e-05     0.496335    -0.797829     0.339792   0.00239798  1.35979e-07  1.46223e-10 -2.39796e-07  1.86744e-07  2.54338e-08 -6.95794e-08
   0.0758182  1.13874e-05    -0.412531    0.0627774     0.762514    -0.488571  6.56673e-08  4.97545e-11 -1.30138e-07 -2.96266e-08  2.38486e-07 -8.52689e-08
   -0.574247 -4.87007e-06     0.563319     0.399236    0.0488694    -0.437189 -3.11619e-06  -1.9795e-11  2.38223e-06 -1.81771e-07 -3.51239e-08 -2.13829e-07
    0.680815 -3.34765e-10     0.257664   -0.0112198    -0.316884    -0.607914  -2.0791e-05 -1.25351e-15  3.53535e-05  1.19153e-05 -1.01959e-05 -1.09428e-05
 -0.00346806  1.02949e-14  -0.00348552  -0.00349946  -0.00351664   -0.0035329     0.513908 -8.35755e-19    -0.834722    0.0691837     0.110058     0.148918
    0.446447 -2.62354e-14      0.44692     0.447213     0.447545     0.447867   0.00410795 -2.47259e-22  -0.00648943   0.00129292  -0.00109467   0.00221756
 0.000132713  8.15129e-15  0.000137479   0.00014119  0.000144993   0.00014908    -0.318904   2.2688e-21    -0.194092     0.772609     0.181416    -0.480409
 -0.00104421  1.94023e-14   -0.0010415  -0.00103962  -0.00103755  -0.00103602   -0.0134624  1.48236e-22  -0.00814439     0.430522     -0.80948     0.398923
-1.63693e-05  5.94454e-16 -1.21849e-05  -1.0657e-05 -9.33465e-06 -8.19001e-06      0.78178  -7.2907e-27     0.408844     0.196403    -0.115678    -0.411961
 1.13495e-05  2.97673e-18   1.1495e-05  1.15895e-05  1.17203e-05  1.18961e-05     0.151066            0     0.313536      0.41757     0.535102     0.646665

-2.03288e-19 -1.12145e-21    -0.014897    0.0386621   -0.0674904      1.02241  -0.00344217      0.44607   0.00012592  -0.00104647 -1.25957e-05  1.13773e-05
-7.47318e-16  5.22897e-18     0.333008     -0.24356     0.436638  -0.00199651   -0.0473051 -0.000132227   0.00446703  0.000186117   -0.0133381   0.00580912
-7.27001e-16 -6.00296e-16     -2.01153      6.11036     -18.0886    0.0234402      1.57778   0.00142308     -0.41971   -0.0175883      1.08318    0.0198118
-2.40592e-30 -2.05141e-22    -0.755342     0.752682      2.24386      2.64572  0.000139241  -0.00292038 -3.59495e-05 -1.70531e-05 -8.67448e-06 -4.07728e-07

