22.5913
35.4772
50.5402
68.3101
88.5002
 107.71

-0.00254099

0.37993

-1.23036e-07  -0.00958579  -0.00453145            0    0.0047008   0.00940903

0.00021532 -0.0191262 0.00632544          0 0.00570939 0.00769931

6.30363e-12
1.83641e-08
0.000348126
0.000429132
0.000583874
  0.0120807
  0.0442833
   0.300105
   0.432346
    1.39298
    4.45131
     35.487

           0
           0
 0.000824629
 0.000938704
 -0.00107502
     0.18744
   -0.019041
 -0.00449584
     -2.4091
-0.000214826
     1.23176
    -59.1779

-0.00252327
-0.00476009
   0.100361
 -0.0255688

           0            0            0            0            0            0            0            0            0            0            0            0
           0            0            0            0            0            0            0            0            0            0            0            0
   -0.236493     0.742827    -0.481329 -3.27413e-09    -0.295448     0.270761 -0.000183075  0.000353694  -0.00017378  4.24807e-18  1.08571e-06  2.22073e-06
  -0.0376423    -0.143946     0.493291  1.57728e-09    -0.741386      0.42997  0.000256317 -0.000485805  0.000233963 -2.46303e-17 -3.98564e-06 -4.96696e-07
   -0.681253     0.318642     0.549891  4.82596e-10     0.145558    -0.332856 -0.000207413  0.000345613 -0.000130988  2.10911e-19 -2.20901e-06 -6.37545e-06
    0.527914     0.355171     0.150493  3.75887e-13    -0.376322    -0.656413   -0.0024258   0.00308491 -0.000225802  1.11561e-27 -0.000144314 -0.000279925
 -0.00213028  -0.00185256   -0.0034193 -2.29786e-13  -0.00470804     -0.00639     0.440249    -0.815689     0.375165  8.71413e-30   0.00023687  0.000100329
  0.00458329   0.00435399   0.00409268 -7.22687e-15   0.00330259   0.00288656      0.56881   -0.0579743    -0.793484  3.69174e-38     0.123238      0.16797
   -0.447021    -0.446973    -0.447133 -3.57011e-17    -0.447457    -0.447318   0.00149165   0.00645213  -0.00977724  4.96081e-42 -0.000737356   0.00269257
  0.00101315   0.00100705  0.000996823 -4.12674e-16  0.000975424  0.000956958    0.0928974    0.0775517    0.0599986  9.96663e-47    -0.801019     0.583197
-1.60138e-05 -2.13751e-05 -2.68171e-05 -2.06333e-16 -3.87495e-05 -4.37053e-05    -0.669737    -0.517689     -0.33983  4.72384e-53     0.129785     0.388744
 9.67559e-06  9.97431e-06  1.02998e-05 -1.17621e-21  1.06487e-05  1.03016e-05    -0.159528    -0.239212    -0.332348            0    -0.571258    -0.693208

  -1.759e-19 -1.97862e-21    -0.113375    -0.216643    -0.663549      0.82456 -0.000798599   0.00500724    -0.446936   0.00102709 -1.33223e-05  9.03739e-06
-9.60355e-17  -5.8455e-18    -0.195854     0.291242     0.154647     -0.02373  -0.00243941   -0.0477962  -0.00031572  -0.00117368    0.0117434  -0.00615407
-7.77101e-16  1.43397e-15      9.25599     -8.42688      -4.4747     0.525508    0.0647115      1.65113    0.0158285     0.119383    -0.935267   -0.0204509
 1.16341e-19  7.86152e-21     -1.64025    -0.742405      1.61024      2.27259   0.00759341   0.00317365  0.000892762  0.000102703  4.87824e-05 -4.65404e-06

