22.5913
35.4772
50.5402
68.3101
88.5002
 107.71

0.000286393

0.380636

          0   -0.011567 -0.00364573 -0.00053623  0.00370957   0.0120353

1.37084e-17  -0.0224769  0.00920535   0.0024847  0.00435773  0.00715939

          0
2.25241e-08
 4.3602e-05
5.18764e-05
6.39121e-05
 0.00947733
   0.179526
   0.507898
     1.2919
    1.40791
    3.34366
    38.3053

          0
          0
2.33919e-06
 1.0136e-06
1.87792e-05
 -0.0140994
  0.0103876
    2.67868
  0.0534014
 0.00923582
    0.92552
   -63.6916

-0.000140671
 -0.00078515
   0.0301657
-0.000110959

           0            0            0            0            0            0            0            0            0            0            0            0
           0            0            0            0            0            0            0            0            0            0            0            0
           0   -0.0776955    -0.164118     0.701963    -0.659264     0.199114  2.01432e-08 -7.78517e-07  8.85427e-07  -3.4099e-08 -1.42253e-08 -1.17809e-07
          -0   -0.0439995    -0.467498     0.509734     0.510624    -0.508865  4.83321e-08 -3.53355e-07  2.42663e-07 -1.53468e-07  -1.6114e-09  3.77572e-08
           0    -0.657935     0.663158     0.215497    0.0577894    -0.278506 -2.96907e-08 -1.50093e-06  1.15687e-06  -7.5552e-08  -1.0076e-07  1.31391e-08
           0     0.599717     0.339151    0.0317125    -0.317839    -0.650607 -1.31756e-12  6.23385e-05 -8.19653e-05 -1.59726e-06  2.26956e-06  1.69752e-05
           0 -0.000922619  -0.00095237 -0.000985574  -0.00102074    -0.001056  5.21272e-15    -0.598976     0.791445    -0.037527   -0.0669573   -0.0945801
           0     0.446641     0.446887     0.447183     0.447517     0.447833  2.16175e-19  -0.00128556   0.00177844 -0.000161991 -0.000400877  2.48915e-05
           0  0.000107374  0.000105069  0.000102678  9.99688e-05  9.72073e-05  1.44806e-16    -0.345542    -0.258015      0.77581     0.195561    -0.417018
          -0 -0.000121967 -0.000120984 -0.000119587 -0.000118187 -0.000116783  8.05726e-17  -0.00933813  -0.00710143     0.417631    -0.811515     0.408521
           0  -2.7862e-05   -2.744e-05 -2.62676e-05  -2.4731e-05 -2.31474e-05 -7.07862e-20    -0.687065    -0.459851    -0.229528     0.142248     0.493519
           0  3.21108e-07  2.88615e-07   2.9517e-07  3.24491e-07  4.14317e-07 -1.12284e-28    -0.222894    -0.309072     -0.41184    -0.527713     -0.63773

 1.35525e-20 -6.47021e-21   -0.0569058     0.134429    -0.605694      1.21323 -0.000873854     0.446057  0.000110061 -0.000124314 -3.49954e-05  3.20705e-07
-2.74025e-16 -1.07463e-19     0.920618    -0.590236     0.452979   0.00693862    0.0873588 -3.96356e-05   0.00581047  0.000152479    0.0151009  -0.00572838
-1.28363e-15 -1.56437e-16     -35.7121      24.5526     -17.2386     -0.24889     -3.67069   0.00076596    -0.551455   -0.0147546     -1.22305    -0.019547
-6.03625e-31  1.00395e-20     0.736662      2.75714      1.30647      3.02468  0.000297017   -0.0028773    2.248e-05 -1.21988e-05 -1.74399e-05  2.98043e-07

