22.5913
35.4772
50.5402
68.3101
88.5002
 107.71

0.000286393

0.380636

 -2.0902e-09   -0.0141285            0 -0.000762368   0.00296747    0.0119204

0.000163534  -0.0159102           0  0.00303519  0.00531212  0.00814011

          0
          0
4.39109e-05
 5.4615e-05
8.83088e-05
  0.0116665
   0.126664
   0.507803
    1.33716
    1.40796
     4.2025
    36.8736

           0
           0
-1.39261e-06
 2.15773e-06
 4.18124e-05
  -0.0176598
  -0.0217153
    -2.67505
   0.0344783
  0.00886551
      1.1892
    -61.3135

 -0.00018201
  0.00101851
   -0.038597
-0.000140356

           0            0            0            0            0            0            0            0            0            0            0            0
           0            0            0            0            0            0            0            0            0            0            0            0
  -0.0225721      0.16527 -2.35096e-07    -0.609721     0.729174    -0.262149 -5.01046e-07  7.02891e-07  2.05905e-17  -4.1073e-08 -8.86788e-08 -3.94921e-08
    0.126325    -0.542683  2.04893e-07     0.531545     0.389821    -0.505011 -1.54565e-07 -4.42027e-08  -1.5583e-16 -1.43492e-07   3.0611e-09  6.00534e-08
   -0.660215     0.558092 -1.37169e-07     0.377981    0.0514565     -0.32731 -3.81454e-06  3.05562e-06 -1.15788e-17 -9.85217e-08 -2.10232e-07 -6.21688e-08
    0.590097      0.40879  1.53847e-12   -0.0527091     -0.33671    -0.607062  0.000352716 -0.000425141 -2.65904e-26  8.27731e-06  1.93019e-05   4.4832e-05
 -0.00240748  -0.00230191 -1.85456e-12  -0.00204984  -0.00189422  -0.00174842     0.632128    -0.770264 -4.31774e-30    0.0311063    0.0471856    0.0623874
   -0.446574    -0.446766  8.58681e-15    -0.447266    -0.447572    -0.447864  -0.00276515   0.00372291  4.63348e-37 -0.000604572  6.09743e-05 -0.000316335
-0.000156903 -0.000159938 -1.11813e-14 -0.000166618 -0.000170662 -0.000174667    -0.259246    -0.212073 -7.57894e-37     0.775502     0.170539    -0.507276
-0.000199458 -0.000198684  1.31168e-14 -0.000196178 -0.000194708 -0.000193244   -0.0115302  -0.00945127  3.19439e-37     0.431547    -0.809724     0.397357
-4.68521e-05 -4.76024e-05 -2.21284e-15 -4.68152e-05 -4.58782e-05 -4.48946e-05     -0.71354    -0.555014 -2.95276e-44    -0.168429     0.111769     0.376776
 3.91509e-07   3.3113e-07  3.12456e-16  3.03271e-07  3.34075e-07  4.26236e-07    -0.154682    -0.231463            0    -0.427816     -0.54822    -0.662515

-2.71051e-20 -2.27805e-20    0.0384716    0.0411254     0.112457     0.907325  -0.00256263    -0.446228 -0.000154195 -0.000201158  -5.2844e-05  3.31599e-07
 4.97548e-16  -4.6167e-18      1.10429    -0.287355     0.123511  0.000745967   -0.0965827  2.33032e-05   0.00365373  0.000153077    0.0122885   -0.0059512
 -1.0821e-15  -1.4265e-15     -39.2056      8.53753     -2.80158   -0.0260526      2.75333   0.00315959    -0.341608   -0.0148858     -0.99118   -0.0202267
 2.53736e-31 -1.19147e-20    -0.423914      2.86636       2.4243      2.45748   -0.0013173   0.00265077  3.44695e-05 -1.28264e-05 -1.14508e-05  3.12757e-07

