22.5913
35.4772
50.5402
68.3101
88.5002
 107.71

-0.000854459

0.379186

-1.73283e-08   -0.0101514   -0.0030454  -0.00169312            0    0.0148915

0.000251017  -0.0230189   0.0111209  0.00298762           0  0.00964706

          0
3.87529e-09
7.15751e-05
9.43899e-05
0.000195089
  0.0109978
  0.0443595
   0.336611
     0.5058
    1.35282
    4.38539
    33.0454

           0
           0
  1.2382e-05
-7.68479e-06
 5.27819e-06
   0.0586692
  -0.0210964
  -0.0237108
    -2.52683
   0.0340087
      1.3958
     54.5388

-0.000301002
-0.000487878
  0.00345649
 -0.00117044

           0            0            0            0            0            0            0            0            0            0            0            0
           0            0            0            0            0            0            0            0            0            0            0            0
   -0.107828     0.451263    -0.740175     0.479596  9.56784e-09   -0.0828457 -4.29544e-05  8.08195e-05 -3.84353e-05  8.68895e-08            0   3.7557e-07
    0.303989    -0.679964   -0.0269678     0.627697  9.34789e-10    -0.224741  2.77632e-05 -5.17189e-05   2.3996e-05 -1.32126e-07            0  1.46859e-07
   -0.654305     0.171292     0.491917      0.38318 -3.08876e-10     -0.39209 -1.53088e-05  2.00734e-05 -5.17689e-06  6.48373e-08            0 -7.36289e-07
    0.517865     0.323845    0.0974134    -0.170444 -7.73876e-14    -0.767071  0.000320446 -0.000984766  0.000798308 -3.21368e-05            0 -9.53823e-05
 -0.00443571  -0.00405663  -0.00392754   -0.0035185  4.49081e-15  -0.00279993      0.43709    -0.815531     0.379196 -0.000166177            0 -0.000681875
   0.0017389   0.00166458   0.00157556   0.00146479 -4.42398e-16   0.00121831     0.559548   -0.0685258     -0.79185    0.0975049            0     0.213694
   -0.446814    -0.446962    -0.447128    -0.447316 -2.99523e-19    -0.447756  -0.00178872   0.00655729  -0.00593048  0.000821931            0  0.000468912
 0.000242292  0.000243129  0.000244869  0.000247326  2.50936e-18  0.000252711    -0.205535    -0.170036    -0.129091     0.870894            0    -0.392074
-4.20183e-05 -4.49847e-05 -4.74231e-05 -5.00567e-05   1.6491e-20 -5.44475e-05    -0.650466    -0.483484    -0.289168   -0.0632009            0     0.505494
 6.07609e-08  1.61068e-07  2.89519e-07   4.8949e-07  1.01296e-24  1.24521e-06     0.174656     0.259807     0.358979     0.477537            0     0.738301

-4.83073e-21  5.39959e-20     0.108076      0.55904    -0.638045     0.855909  -0.00479402   0.00188519    -0.446574   0.00023871 -4.37361e-05  1.01146e-07
 3.38697e-16 -1.37419e-17     -1.20153    -0.656079     0.222422  -0.00681254 -7.26021e-05   -0.0476808 -0.000138079   0.00273751     0.012922   0.00659157
-6.39843e-16 -1.33146e-15      42.2886      21.0178     -6.86554     0.154657  -0.00844769      1.63236   0.00827069    -0.267309    -0.942363    0.0257586
-3.85268e-20   -8.156e-21      1.48009      2.95543      2.70062      2.61668  -0.00336242   0.00105763   0.00191414 -2.27322e-05  1.88121e-05  -5.1953e-07

