22.5913
35.4772
50.5402
68.3101
88.5002
 107.71

-0.00142174

0.378929

-3.91998e-08   -0.0100372  -0.00371604 -0.000318161            0    0.0140765

0.000249422  -0.0218957  0.00967626  0.00300834           0  0.00991552

          0
5.07575e-09
0.000105563
0.000158418
0.000311375
  0.0111564
  0.0449164
   0.336419
   0.486551
    1.35408
    4.38764
    33.0581

           0
           0
 6.37565e-06
-2.24742e-05
-0.000195274
   0.0961198
  -0.0213344
  -0.0218564
    -2.48785
  -0.0302575
    -1.38104
    -54.6073

-0.000607027
 -0.00127412
    0.019862
 -0.00498625

           0            0            0            0            0            0            0            0            0            0            0            0
           0            0            0            0            0            0            0            0            0            0            0            0
   -0.087247     0.406434     -0.74129     0.518143  6.02846e-09   -0.0960041 -7.14843e-05   0.00013454 -6.40436e-05     2.23e-07            0  5.79117e-07
    0.331664    -0.713024   0.00386504     0.582668  -9.4908e-10    -0.205132  7.13978e-05 -0.000133961  6.26563e-05  1.27204e-07            0 -1.58751e-07
   -0.645254     0.147198     0.490722      0.40438 -2.72241e-10     -0.39705 -2.36132e-05  3.28742e-05 -9.50598e-06 -4.37218e-08            0 -9.58197e-07
    0.515985     0.323825    0.0984578    -0.168675  -5.4077e-14     -0.76859  -0.00238578   0.00382157  -0.00124983 -3.08506e-05            0 -0.000151154
 -0.00164387  -0.00224964  -0.00358814  -0.00471704 -9.04076e-15  -0.00750389     0.437039    -0.815484     0.379319 -0.000191024            0 -0.000761217
  0.00218816   0.00207014   0.00193063   0.00175674  1.85888e-16   0.00136618     0.559841   -0.0685226    -0.791781    0.0975704            0     0.213135
   -0.446974    -0.447068    -0.447163    -0.447244  -1.4192e-18    -0.447512   -0.0015223   0.00690541  -0.00663126  0.000157969            0   0.00104828
 0.000142154  0.000136056   0.00012869  0.000119621 -9.24662e-17  9.82057e-05     0.206601     0.170678     0.129248    -0.870955            0     0.391046
-4.66628e-05  -4.3492e-05 -4.09409e-05 -3.81767e-05 -2.19784e-19 -3.41152e-05     0.650026     0.483588     0.289725    0.0650329            0    -0.505411
 1.03464e-06  9.80522e-07  9.43892e-07  7.62852e-07 -8.55275e-25 -6.48484e-08    -0.174209    -0.259307    -0.358481    -0.477166            0    -0.739063

-8.97061e-20  4.39928e-20     0.148953      0.69026    -0.717817     0.850013  1.24726e-05   0.00240939    -0.446856  0.000153939 -4.50069e-05  9.02582e-07
 2.56883e-16  5.74626e-20    -0.967315    -0.374707    0.0721362   -0.0119914 -0.000380953   -0.0477021  -0.00015988  -0.00277035   -0.0128713  -0.00658358
 1.75618e-15  4.55542e-16      30.2479      11.8849     -1.85427     0.274982  -0.00706563      1.63536   0.00997398     0.269204     0.940807   -0.0254892
  1.0535e-20   1.0985e-21      1.93568      2.66583      2.76194      2.57947    0.0117502   0.00161816   0.00107738  8.95304e-05 -1.85761e-05 -6.22239e-07

