22.5913
35.4772
50.5402
68.3101
88.5002
 107.71

0.00254455

0.378939

-0.00877897 -0.00617351  0.00149324  0.00348617  0.00324875  0.00676318

 -0.0161097 -0.00525878   0.0108436  0.00284451  0.00329701   0.0047101

0.000183697
0.000245126
0.000305012
0.000541611
  0.0122418
  0.0414728
   0.281829
   0.466977
    1.35002
    1.40778
    4.48979
    38.8741

  -0.0002416
 0.000204707
-0.000709077
 -0.00167581
    0.186006
  -0.0120713
 -0.00654123
      3.1272
  -0.0297399
    0.017321
     1.32082
     64.5162

 0.00223866
-0.00480896
   0.115501
  0.0274259

   -0.243825     0.684148    -0.653591     0.159834     0.122377   -0.0691906   1.4211e-05 -3.30089e-05  2.08986e-05 -4.24015e-07 -5.02417e-07 -1.22781e-06
 -0.00983698    0.0621097    0.0940318    -0.591874     0.741289    -0.295599  0.000142658  -0.00026036  0.000118947 -2.65747e-06 -8.60324e-07   2.1362e-06
   -0.285589     0.462465      0.34722     -0.54578    -0.367282     0.388885  5.67294e-05 -0.000105585  4.59769e-05  2.08041e-06  1.08475e-06  -6.2742e-07
    0.632265    -0.105741    -0.499265    -0.392037   -0.0622108     0.426884 -6.84686e-05   0.00010049 -2.23893e-05 -1.31468e-06 -2.70072e-06 -4.38117e-06
   -0.541046     -0.36943    -0.166224    0.0765161     0.360459     0.638234  -0.00334603   0.00454161 -0.000680393 -4.26111e-05 -0.000146176 -0.000320628
  0.00140719  0.000719278 -0.000397729  -0.00203229    -0.003169  -0.00498195    -0.442146     0.815832    -0.372669 -0.000314844 -0.000276313 -0.000505487
 -0.00292743  -0.00320215  -0.00352302  -0.00394371  -0.00442924  -0.00490991    -0.554951    0.0670316     0.805605   -0.0682401    -0.108516    -0.148373
     0.40791     0.408093     0.408052     0.408282     0.408397     0.408633  -0.00682231   0.00336982   0.00620484 -0.000644804  -0.00082263   -0.0014828
-7.29901e-06  1.19891e-05  3.22034e-05  5.79018e-05  8.31356e-05  0.000117984     0.212285      0.17428     0.129802    -0.789101    -0.196733     0.496315
 6.53059e-05  6.98449e-05  7.43945e-05  8.06381e-05  8.72645e-05  9.45708e-05   -0.0120494  -0.00945383  -0.00670805     0.441226    -0.807183     0.391784
-5.56481e-05  -5.3217e-05 -4.94338e-05 -4.41569e-05 -3.86698e-05 -3.37051e-05    -0.655546    -0.501394    -0.320464    -0.114794     0.159998     0.421175
 2.40394e-06  2.45914e-06  2.46544e-06  2.26589e-06  1.99655e-06  1.24512e-06     0.146724     0.219164      0.30412     0.405961     0.521896     0.633065

   -0.487911     0.166229     -0.67545     0.754604    -0.835919   0.00297416  -0.00245783     0.407717 -3.62408e-05  5.73251e-05  -6.7359e-05  2.45311e-06
    0.553748    -0.334152    -0.349206   0.00131858   -0.0205254   0.00304747    0.0479675  0.000156407  -0.00293715  0.000181376    0.0119364   0.00560959
    -16.2143      9.80843      9.03743    0.0829756     0.459959   -0.0921696     -1.63769  -0.00668576      0.27847   -0.0159603    -0.925551    0.0198505
     1.10673     0.322631     -2.69973     -2.66072     -2.26171    0.0119697   0.00370321  -0.00133619 -0.000233296 -5.09946e-05 -4.99761e-05 -9.34461e-07

