22.5913
35.4772
50.5402
68.3101
88.5002
 107.71

0.000854174

0.379905

-2.72744e-08            0   -0.0145033  -0.00615448   0.00498361     0.015661

0.000453543           0  -0.0186528  0.00212036  0.00671497   0.0109795

          0
1.44417e-07
6.00445e-05
 8.1402e-05
0.000191656
  0.0109614
   0.284785
   0.506406
    1.31874
    1.41107
    3.82653
    37.7383

          0
          0
1.19986e-06
3.27925e-05
0.000133287
 -0.0543986
 -0.0260822
    2.76271
 -0.0391897
 -0.0106055
    1.05873
   -62.7735

-9.31648e-05
-9.34072e-05
 -0.00976031
  0.00116022

           0            0            0            0            0            0            0            0            0            0            0            0
           0            0            0            0            0            0            0            0            0            0            0            0
  -0.0035525  1.64016e-07      0.13678    -0.557406     0.750888    -0.326716  8.31166e-08 -6.28674e-10 -3.08558e-08 -3.90079e-07 -4.55262e-08  2.01364e-07
   0.0748739  3.77553e-06    -0.626126     0.566025      0.36803    -0.382793 -5.28713e-07  3.27133e-10  1.10718e-06 -5.79275e-08 -2.87307e-07 -2.60922e-07
   -0.576647 -5.25202e-07     0.568258     0.410858    0.0164814    -0.418909  8.74489e-07  7.04422e-12 -3.42249e-06 -7.24668e-11  2.22195e-07  9.49684e-07
    0.679986 -1.34589e-10      0.25797   -0.0105565    -0.316546    -0.608899  0.000213438 -2.59393e-16 -0.000354209  2.77024e-05  3.68151e-05   7.3606e-05
 -0.00100081  6.30362e-14 -0.000828033 -0.000712899 -0.000583099 -0.000459435     0.513882 -6.22781e-19    -0.834805    0.0696937     0.110086     0.148481
    0.446629 -1.73348e-14      0.44698     0.447211      0.44749     0.447754  0.000764708 -5.49654e-23  -0.00135726  3.25433e-05 -0.000256283  0.000690277
-0.000155748  1.43556e-14  -0.00015302 -0.000150951  -0.00014946 -0.000147029       0.3191 -4.10425e-22     0.193463    -0.769319    -0.187524     0.483456
 0.000228808 -1.15025e-14  0.000224318  0.000221483  0.000217942  0.000214615    0.0162452 -1.40879e-22   0.00979603    -0.436272     0.808036    -0.395454
-9.60118e-05 -9.42704e-17 -9.44824e-05 -9.21498e-05 -8.97287e-05 -8.72061e-05    -0.781743 -2.63142e-28    -0.409199    -0.196811     0.115782     0.411453
 6.02036e-06   2.9262e-17  5.79714e-06   5.7506e-06   5.7527e-06  5.93732e-06     -0.15071            0    -0.313258      -0.4174    -0.535152     -0.64695

-9.51265e-20 -2.53447e-20    0.0530999     0.538056    -0.511356       1.0191  -0.00113266     0.446327 -0.000154981  0.000232388 -0.000104184  6.10471e-06
-8.64841e-16  1.34343e-17     0.198621       1.0031    -0.251447   0.00888856   -0.0469819   8.2638e-05  -0.00448507 -0.000221479    0.0133121   -0.0058077
 2.22868e-16 -8.59966e-16     -28.4458     -21.4825       9.1283    -0.223994      1.56897  -0.00628141     0.420355    0.0211361     -1.08255   -0.0195104
-1.98209e-19  1.27775e-20      1.37408      4.46041      3.12127      2.62524  -0.00106805  -0.00230026 -1.31219e-05  2.77145e-05 -2.57175e-05  1.51469e-06

