12
4

22.5913
35.4772
50.5402
68.3101
88.5002
 107.71

0.00199015

0.379715

-5.54317e-08   -0.0108838  -0.00223325  0.000378691            0    0.0127526

0.000172352  -0.0260196    0.014381  0.00377185           0   0.0085439

          0
1.14991e-08
0.000174043
0.000238364
0.000421947
   0.011355
  0.0426103
   0.334466
   0.458021
    1.35451
    4.39828
     33.091

1.18536
1.21118
1.24143
1.27722
      0
1.35737
 8.6268
13.5336
19.2659
26.1041
      0
41.2888

           0
           0
-0.000248501
 0.000248391
  0.00100315
   -0.133361
  0.00287395
   0.0638356
    -2.80217
  -0.0321909
     1.35379
      54.892

0.000940803
 -0.0015802
   0.028102
  0.0138897

           0            0            0            0            0            0            0            0            0            0            0            0
           0            0            0            0            0            0            0            0            0            0            0            0
   -0.259845      0.74184    -0.610527    0.0883816 -1.47802e-10    0.0400008  0.000113803 -0.000212851  9.93599e-05 -4.74835e-08            0 -2.65644e-07
    0.211221    -0.348766    -0.415581     0.780577  6.63676e-11    -0.227465  5.15848e-05 -8.88215e-05  3.62738e-05  4.78961e-07            0  9.41378e-07
   -0.651743     0.152732      0.49452     0.394325 -1.69431e-10    -0.389694  4.86672e-05 -7.68896e-05  2.32626e-05  6.61503e-07            0  3.12994e-06
    0.512994     0.323623     0.100424    -0.165456 -3.28912e-13      -0.7711   0.00366098  -0.00581069   0.00186169  4.15137e-05            0  0.000242599
 -0.00323088  -0.00217043 -0.000267685   0.00130448  7.01164e-15   0.00577154     0.441866    -0.815909      0.37282  0.000449923            0  0.000871211
  0.00564043   0.00546278   0.00525331   0.00500002  4.97414e-16    0.0043975     -0.55672    0.0613632     0.794729   -0.0971135            0     -0.21246
   -0.447094     -0.44715    -0.447087    -0.447207  1.43602e-18    -0.447382  -0.00603681  0.000272399    0.0094499  -0.00118908            0  -0.00241674
 1.97094e-05  3.12288e-05  4.48603e-05  6.14442e-05 -6.81267e-17  9.98294e-05     0.206814     0.171129     0.129533     -0.87114            0     0.390229
-5.11333e-05 -4.93261e-05   -4.632e-05 -4.20305e-05 -2.82654e-20 -3.41356e-05      -0.6495    -0.484102    -0.290759     -0.06639            0     0.504824
 2.17726e-05  2.17827e-05  2.16965e-05  2.13757e-05 -5.95432e-27  2.00638e-05     0.173624      0.25856     0.357769     0.476733            0     0.740086

-1.58819e-19  5.81111e-20    -0.457059      0.43056    -0.737736     0.841458  -0.00572195   0.00593953    -0.447007  3.05015e-07 -6.08453e-05  2.19817e-05
-2.40674e-16  -5.4237e-18    0.0309369   -0.0319957    0.0115637    0.0168983  -0.00253656    0.0477744   0.00029429  -0.00276283    0.0128027   0.00657206
 6.61761e-16  6.14157e-16     -1.59962      6.49573     -1.11283    -0.377413    0.0891004     -1.63635  -0.00998802      0.26915    -0.938996    0.0250668
 2.18111e-20  -2.4114e-20    -0.662219      2.11866      2.54237      2.52722   -0.0182521   0.00238479  0.000553578 -0.000154447 -4.00655e-05   5.9871e-07

