22.5913
35.4772
50.5402
68.3101
88.5002
 107.71

0.0014215

0.380116

-4.26655e-08   -0.0153016            0  0.000697335   0.00672412   0.00788541

0.000163175  -0.0160835           0  0.00325549   0.0058037   0.0076154

          0
          0
9.70815e-05
0.000137276
0.000263992
  0.0119566
   0.125017
   0.486551
    1.33488
    1.41285
    4.20831
    36.9391

          0
          0
4.35839e-05
0.000114929
0.000348917
  -0.100438
 -0.0214195
    2.80344
   0.036824
 -0.0098332
   -1.17712
    61.4027

0.000266922
5.56234e-05
 -0.0148138
 0.00551543

           0            0            0            0            0            0            0            0            0            0            0            0
           0            0            0            0            0            0            0            0            0            0            0            0
  -0.0292508     0.109301 -9.43477e-07    -0.517439     0.777174    -0.339787 -2.30772e-06   3.1518e-06 -1.58804e-16 -7.18884e-07 -4.17609e-07  1.32616e-07
    0.342502    -0.715071  7.49644e-07     0.440169     0.262297    -0.329874  3.49185e-06 -3.55707e-06  1.20511e-16  6.40219e-08 -1.93338e-07   4.0418e-07
   -0.579804     0.331339 -9.63742e-08     0.579617     0.120188    -0.451266  1.48998e-05 -1.90516e-05  2.03401e-17  5.02864e-07  9.81156e-07  1.59982e-06
    0.588184     0.408851  1.38815e-10   -0.0504677    -0.335534     -0.60971    0.0013564   -0.0016232  3.54638e-24  3.68954e-05  6.68102e-05  0.000170665
 -0.00316077  -0.00279679 -1.51659e-12  -0.00183711  -0.00121572 -0.000622114     0.632398    -0.770072  5.49587e-28    0.0308907    0.0473095    0.0620146
    0.446871      0.44696 -1.96301e-13     0.447216     0.447405     0.447594   0.00269117  -0.00334899  9.54236e-35  0.000628349 -0.000215271  0.000264274
-0.000118639 -0.000128437 -7.63725e-15  -0.00015315 -0.000167555  -0.00018337     -0.26013    -0.212788   1.2635e-34     0.780774     0.161126    -0.501481
 0.000263324  0.000257577  4.04517e-14  0.000243962  0.000235319  0.000226653    0.0073525   0.00651485  2.87029e-35     -0.42222     0.811882     -0.40309
-4.09403e-05 -3.99157e-05  4.07609e-16 -4.00492e-05 -4.01016e-05  -4.0112e-05     0.713137       0.5553  4.56944e-42     0.169395    -0.110085    -0.377179
 1.43749e-05  1.45528e-05  1.82078e-16  1.46967e-05  1.46558e-05  1.43601e-05     0.154198     0.230858            0     0.427168     0.548206     0.663269

-1.00289e-18   4.8261e-20    0.0888265     0.983352    -0.569548     0.899902  -0.00379967     0.446677 -0.000104817  0.000272869 -3.55638e-05  1.42286e-05
-2.95211e-16 -1.12441e-17    0.0565608    -0.165475    -0.237676    0.0093724   -0.0975378  1.93328e-05   0.00366154 -8.20384e-05   -0.0122281   0.00593686
 2.53629e-16  6.48158e-16     -5.88646      10.5535      6.66275    -0.190234      2.78143  -0.00267689    -0.342694   0.00931801       0.9895    0.0200372
-3.51128e-30  6.14099e-21      1.22931      4.05838      3.71554      2.40579  -0.00498457  -0.00143731  0.000122797  7.63012e-05  6.31359e-06 -2.10051e-06

