22.5913
35.4772
50.5402
68.3101
88.5002
 107.71

0.0014215

0.380116

-6.66095e-08            0   -0.0137044  -0.00611688   0.00473129    0.0150647

0.000458013           0  -0.0184857    0.001969  0.00667729   0.0110016

          0
1.40248e-09
0.000152648
0.000175033
0.000323007
  0.0111094
   0.283635
   0.486545
    1.31807
    1.41291
    3.83291
    37.8394

          0
          0
1.57926e-05
0.000127073
0.000470789
 -0.0931076
 -0.0329276
    2.81316
   0.041965
-0.00943008
   -1.05727
    62.9153

 0.000284806
-0.000523823
 -0.00658725
  0.00534796

           0            0            0            0            0            0            0            0            0            0            0            0
           0            0            0            0            0            0            0            0            0            0            0            0
  -0.0212809 -5.81233e-07     0.254696    -0.650754      0.66916    -0.251835 -1.66386e-06  8.77473e-12  3.33881e-06 -1.49335e-06 -6.83522e-07  1.69562e-07
    0.085835  4.24252e-07    -0.603133     0.442014     0.501686    -0.426377 -1.46262e-06  9.32906e-12  3.86521e-06 -9.18479e-07  -9.2173e-07 -3.31072e-07
   -0.576795 -1.87035e-07     0.551731     0.425543    0.0253046    -0.425645  6.84162e-06 -1.15452e-11 -1.25924e-05  6.95827e-07  1.24816e-06  2.55161e-06
    0.678108 -1.15558e-10     0.259074  -0.00907397    -0.315791    -0.610937  0.000411245 -8.56166e-15 -0.000634959  2.80834e-05  5.30065e-05  0.000149306
 -0.00212234  1.89235e-13  -0.00181814  -0.00160907  -0.00136217  -0.00113608     0.514382 -1.06986e-17    -0.834577    0.0688619     0.110256     0.148261
    0.446825 -2.81109e-14     0.447024     0.447181     0.447403     0.447618   0.00163224 -2.42146e-21  -0.00314756   0.00116886 -8.60622e-05  0.000412159
-0.000321861 -2.30955e-14 -0.000342096 -0.000355345 -0.000368238 -0.000384879    -0.319712 -6.08466e-21    -0.194495     0.779931     0.167891    -0.472732
  0.00034595  6.32395e-15  0.000333886  0.000326242  0.000317185  0.000308238   0.00704624 -2.80845e-21   0.00497663    -0.417364     0.812546     -0.40682
-2.54222e-05 -1.25532e-15 -2.43685e-05 -2.54136e-05 -2.57491e-05 -2.61154e-05     0.781356  -3.0876e-26     0.409573     0.197291    -0.114232    -0.412019
  1.3695e-05 -1.69095e-17  1.39816e-05  1.39708e-05  1.39667e-05  1.36581e-05     0.150417            0     0.312839     0.416951     0.535142     0.647519

 2.43945e-19  1.67421e-20   -0.0388385     0.277049    -0.528106      1.01369  -0.00237467     0.446628 -0.000308999  0.000355587 -1.91291e-05  1.35626e-05
 5.94971e-16  8.42984e-18     0.120716     0.642198    -0.225641    0.0118359   -0.0471132  6.58169e-05   0.00447739 -7.67605e-05   -0.0132734   0.00579761
-5.83789e-16 -7.95545e-16      -12.027     -16.5828       7.6439    -0.235002      1.57525  -0.00580633    -0.421057   0.00885158      1.08137    0.0194304
  1.0842e-19 -1.32349e-21   -0.0113335      2.30108      2.65633      2.58929  -0.00193672  -0.00157434  0.000117524  7.75312e-05  9.90276e-06 -2.02742e-06

