12
4

22.5913
35.4772
50.5402
68.3101
88.5002
 107.71

0.000853971

0.379806

-1.47654e-08   -0.0126993  -0.00290301            0   0.00541736    0.0101836

0.000166407  -0.0231052   0.0112689           0  0.00515929  0.00725095

4.48146e-13
5.91538e-08
5.26705e-05
7.45257e-05
0.000167193
  0.0119377
  0.0426635
   0.302496
   0.506298
    1.39545
    4.42653
    35.3422

1.19637
1.20748
1.22043
      0
1.25305
1.26959
8.60827
13.5104
19.2278
      0
33.7046
41.0215

          0
          0
1.80485e-05
 1.9856e-05
9.90215e-05
 -0.0595574
  0.0021472
  0.0342721
   -2.74993
 0.00398225
    1.28789
   -58.6808

-0.000119095
 6.32043e-05
  -0.0117838
  0.00107523

           0            0            0            0            0            0            0            0            0            0            0            0
           0            0            0            0            0            0            0            0            0            0            0            0
  -0.0138577     0.156716     -0.43191  1.74197e-07     0.755644    -0.466588  9.35655e-06 -1.65195e-05  6.88596e-06 -1.36578e-16 -3.27738e-08  1.55241e-07
    0.250867    -0.750322     0.481097  -1.3128e-07     0.276072    -0.257707 -2.13707e-05  4.08274e-05 -1.96597e-05  -4.2361e-18  8.59029e-08  8.11642e-08
   -0.672964     0.294831     0.600684 -1.30412e-08    0.0818851    -0.304412  4.22134e-07 -3.20343e-06  1.36679e-06  -3.4646e-20 -1.48052e-07  2.16594e-07
    0.533276     0.354678     0.145921 -7.78066e-13    -0.381834     -0.65017   0.00152146  -0.00238588  0.000727344 -2.58925e-31  5.11944e-05  8.34771e-05
  -0.0012217 -0.000762297 -8.63884e-05 -4.54013e-13   0.00140647   0.00218125     0.441082    -0.815897     0.373832  -4.3588e-33  0.000491762   0.00052894
   0.0016046   0.00152442   0.00143345  5.81593e-15   0.00120258   0.00108332    -0.566569    0.0576029     0.794613 -1.55165e-41    -0.124667    -0.169472
   -0.446771    -0.446914    -0.447082 -1.53377e-17    -0.447528     -0.44776  -0.00139037 -0.000350112   0.00269923 -1.25868e-46  4.86664e-05 -0.000920233
  0.00025966  0.000258511  0.000256935 -3.89371e-16  0.000253181  0.000251053   -0.0914395   -0.0763515   -0.0589754 -1.09104e-49     0.799918    -0.585202
-6.85327e-05 -6.84482e-05 -6.73262e-05  5.36484e-18 -6.35247e-05 -6.15224e-05    -0.670777    -0.516537    -0.336637 -3.35822e-57     0.134313     0.389722
 6.19502e-06  6.07085e-06  5.97945e-06  2.80787e-22  5.98594e-06  6.19509e-06    -0.161676    -0.241554     -0.33471            0    -0.571444    -0.690603

 3.09852e-19 -7.08269e-20     0.747254     0.480021    -0.686514      0.84476   -0.0021519   0.00172757    -0.446501  0.000260887 -7.55094e-05  6.25427e-06
-1.66931e-16 -6.30695e-18    -0.631834   -0.0627467    0.0225378   0.00678704 -0.000253833    0.0477481 -3.47119e-05   0.00116508    0.0119508  -0.00618867
-9.20733e-16 -4.30732e-16      25.0262      2.98417     -2.02166    -0.149099    0.0137232     -1.63874   0.00289037     -0.11773     -0.94083   -0.0218375
 4.32119e-20  2.30287e-21      7.42217      3.83531       3.0076        2.411  -0.00685829   0.00102685   0.00202577  1.53964e-05 -2.13074e-05  1.39328e-06

