22.5913
35.4772
50.5402
68.3101
88.5002
 107.71

-0.00028672

0.380248

-0.00854598 -0.00445663 0.000477016 -0.00163852  0.00469309   0.0094707

 -0.0158252 -0.00670373   0.0128573  0.00176649  0.00335181  0.00489223

4.88775e-05
5.52205e-05
6.19464e-05
9.76477e-05
  0.0118551
  0.0415016
   0.284583
   0.556024
    1.34953
    1.40928
    4.44682
    38.7233

-6.13223e-07
-9.16729e-07
-3.73925e-06
 -5.3666e-05
  -0.0235797
-0.000190968
  0.00687748
     2.83902
   -0.039876
-0.000975981
    -1.34843
     64.2186

-0.000191629
-0.000792713
    0.021219
-0.000181532

 -0.00593884     0.146331    -0.590935     0.740584     -0.28434  -0.00570274 -4.81898e-06   8.5261e-06  -3.5522e-06  -1.6729e-07 -4.05322e-08  2.26369e-08
    0.112778    -0.522388     0.497058     0.277914    -0.584766     0.219402  9.16566e-06 -1.71333e-05  7.95981e-06 -1.84712e-08  -1.0124e-07   8.0124e-08
   -0.209594     0.571707   -0.0111431    -0.321979    -0.526846     0.497855 -9.54642e-06  1.79992e-05 -8.40528e-06   1.0416e-07 -1.98269e-07  5.03038e-08
    0.690217    -0.274759    -0.459244    -0.311139   -0.0192721     0.374197  1.42682e-05 -2.09614e-05  7.63278e-06  1.47839e-07  1.62745e-08  1.27735e-07
   -0.548365    -0.370131    -0.161762    0.0841589      0.36372     0.629886 -0.000338118  0.000648818 -0.000319778 -1.36643e-05    7.215e-06  9.50577e-06
 0.000469167  0.000269453   0.00014023 -6.37735e-05 -0.000282178 -0.000492891    -0.438727     0.815576    -0.377298  9.15271e-06  0.000167398   0.00027982
 -0.00223325  -0.00223329  -0.00223006   -0.0022259  -0.00221952  -0.00221358    -0.555893    0.0729747     0.803981   -0.0688524    -0.110148    -0.149567
    0.407683     0.407864     0.408076     0.408327     0.408611     0.408883  -0.00264759  0.000689463   0.00460959 -0.000959599   -0.0024645  0.000757911
-0.000722307 -0.000724752 -0.000727894  -0.00073195 -0.000736167 -0.000740529     0.210717      0.17268     0.128507    -0.784021    -0.203888     0.502995
  0.00075277  0.000751661  0.000750318  0.000748624   0.00074676    0.0007454    0.0138106    0.0112611   0.00834243    -0.449826     0.804822    -0.386689
-2.19557e-05 -1.98266e-05 -1.83626e-05 -1.70905e-05 -1.59641e-05 -1.50142e-05     0.657165     0.500651     0.317675     0.110573    -0.162453    -0.421838
 1.13153e-05  1.13921e-05  1.14632e-05  1.15544e-05  1.16863e-05   1.1856e-05     0.148445     0.221164     0.306167     0.407431     0.521692     0.630198

   0.0915769    -0.152035    0.0122954     0.170966    -0.860755  0.000702527  -0.00224738     0.407364 -0.000715793  0.000754806 -1.86986e-05  1.13491e-05
   -0.291444    0.0609063     0.127244    -0.257088   0.00288047 -0.000340474    0.0477943 -8.30615e-07  -0.00293858 -0.000191181   -0.0121552   0.00564752
     10.6249      -5.1239     -3.60938      10.3378   -0.0691369   0.00309026     -1.62776  -0.00145846     0.276901    0.0180284     0.931901    0.0207839
     0.80234    0.0320745     -1.30852     -1.88228     -2.41892     0.001942 -4.80282e-05  -0.00246713  3.87722e-05  1.53144e-05 -7.39361e-06 -4.04833e-07

