22.5913
35.4772
50.5402
68.3101
88.5002
 107.71

-0.00142174

0.378929

          0  -0.0107791 -0.00327961 -0.00237905  0.00560177   0.0108334

-7.0302e-16  -0.0197338  0.00591169  0.00202785  0.00516468  0.00740843

          0
1.90292e-09
8.52395e-05
0.000113957
   0.000199
 0.00974784
   0.178469
   0.486663
     1.2921
    1.40634
    3.34911
     38.317

           0
           0
-7.31409e-05
-4.52571e-05
-0.000136313
   0.0842802
 -0.00309479
     2.44568
   0.0529443
  0.00678539
   -0.902192
    -63.5953

-0.000818188
 -0.00315982
    0.110219
 -0.00533319

           0            0            0            0            0            0            0            0            0            0            0            0
           0            0            0            0            0            0            0            0            0            0            0            0
           0    -0.117074     0.376138    -0.633824      0.61914    -0.244432 -4.58538e-09  8.25384e-07 -1.33017e-06  6.06626e-07  1.12526e-07 -3.29783e-08
           0     0.276915    -0.678918     0.211304     0.542319     -0.35161  6.20133e-09  7.42525e-06 -1.04781e-05  9.26207e-07  1.22613e-06  9.82559e-07
           0    -0.594153     0.287125     0.593727     0.149019    -0.435686  1.28146e-10 -8.21131e-06  8.78484e-06  1.90182e-07 -3.87604e-07 -8.50085e-07
           0     0.597396     0.339573    0.0338314    -0.316521    -0.653052 -4.07468e-13  -0.00054519  0.000720752 -1.84706e-05  -4.3116e-05 -0.000109723
           0  -0.00404977   -0.0038382  -0.00355449  -0.00322554  -0.00292631  6.77796e-16    -0.599503     0.791073   -0.0371893   -0.0664732   -0.0945238
           0     0.446872     0.447018     0.447157     0.447385     0.447565  3.27027e-19  -0.00467458   0.00624621 -0.000159718 -0.000286759  -0.00104761
           0 -0.000127874  -0.00012202 -0.000114838 -0.000106723 -9.67504e-05  4.51588e-17    -0.346461    -0.259298      0.77755     0.192207    -0.413765
           0  0.000127667  0.000122874   0.00011788  0.000111723   0.00010586  2.58915e-17  -0.00755444  -0.00553579     0.413929    -0.812611     0.410169
           0 -9.20523e-05   -8.787e-05 -8.32038e-05 -7.90711e-05 -7.52716e-05  4.25513e-21     0.686351     0.460182     0.231373    -0.140874    -0.493737
           0  9.50622e-07  9.19189e-07  7.75614e-07  5.35908e-07  5.57847e-08  6.83106e-30    -0.222272     -0.30843    -0.411293    -0.527689     -0.63863

-5.42101e-20  9.91227e-20    -0.466945      1.12416     -1.05148      1.19894  -0.00459233     0.446531  -0.00014415  0.000140216 -9.60518e-05  8.92734e-07
 -3.1059e-17  1.06161e-17      -0.4899     -2.47284     0.154021   -0.0220659    0.0876073   0.00013736   0.00579319  0.000129236   -0.0150065  -0.00571726
-1.06629e-15  3.41322e-17      19.4382      95.4338     -8.65119     0.685285      -3.6902  -0.00711716    -0.552011   -0.0122185       1.2193   -0.0192353
 5.42101e-20 -1.60672e-20      1.17514      3.57248      3.56943      2.95283  -0.00259903  -0.00167844  -7.5519e-05    4.987e-05 -3.41617e-05 -5.28092e-07

