12
4

22.5913
35.4772
50.5402
68.3101
88.5002
 107.71

0.00142135

0.379989

-4.11421e-08    -0.012482  -0.00307205            0   0.00665341   0.00890008

0.000167635  -0.0229476   0.0110366           0  0.00551597  0.00699569

          0
          0
0.000108629
0.000118972
0.000269791
  0.0120984
  0.0424649
   0.301074
   0.486499
     1.3986
    4.43347
     35.438

1.19453
  1.213
1.23456
      0
1.28904
1.31676
8.61011
13.5171
 19.244
      0
33.7762
41.1409

           0
           0
 -7.0363e-06
 0.000140341
 0.000338263
   -0.101763
-0.000630567
   0.0511655
    -2.79164
  0.00573715
    -1.28794
     58.8127

  0.00023751
-0.000434894
 -0.00176487
  0.00528495

           0            0            0            0            0            0            0            0            0            0            0            0
           0            0            0            0            0            0            0            0            0            0            0            0
   -0.190232     0.624487     -0.63266  9.17062e-08     0.376582    -0.178196  6.63532e-05  -0.00012166  5.48923e-05   1.6164e-16  1.61539e-07  2.27347e-07
       0.202    -0.462444    0.0429738 -2.38273e-08     0.708681    -0.491189 -2.04975e-06  6.28701e-06 -4.41536e-06  1.32004e-16 -3.11099e-07  4.64454e-07
   -0.663613     0.265561     0.613472 -6.38496e-09     0.103946    -0.319284  3.29178e-05 -5.83622e-05  2.27307e-05   3.0174e-19  3.24597e-07  1.00253e-06
    0.531848     0.354697     0.147116 -3.31812e-13    -0.380751    -0.651688   0.00213979  -0.00315706  0.000797984   3.4078e-29  6.11016e-05   0.00016542
  -0.0021057   -0.0016214 -0.000662031 -7.70543e-15   0.00124436   0.00238232     0.441595    -0.815914      0.37318  3.83552e-31  0.000628867   0.00057842
  0.00423315   0.00409662   0.00393413  6.48039e-15   0.00351862   0.00330067    -0.566372     0.056803     0.794886   9.2606e-40    -0.124689    -0.168911
   -0.446923    -0.447001    -0.447088  1.07409e-16    -0.447401    -0.447574  -0.00508135  0.000687869   0.00661258  2.98564e-44 -0.000763576  -0.00156914
 0.000175226  0.000166238   0.00015618  4.10276e-16  0.000130102  0.000115799   -0.0924234   -0.0768389   -0.0590731  2.04045e-47     0.800187    -0.584607
-4.92974e-05 -4.83914e-05  -4.8229e-05 -1.16934e-16 -4.89623e-05 -4.90749e-05     0.670529     0.516723     0.337124  6.02728e-55     -0.13294    -0.389952
 1.56412e-05  1.58305e-05   1.5956e-05 -1.41048e-21  1.59286e-05   1.5606e-05     0.161352     0.241125     0.334225            0     0.571384     0.691114

-2.76907e-19  4.68717e-21    -0.218502     0.781243    -0.760632     0.840013  -0.00331927   0.00446292    -0.446749  0.000189397 -4.40379e-05   1.5501e-05
-1.84267e-16 -5.68592e-18    -0.188717    -0.279494   -0.0324675    0.0105039  -0.00132067    0.0478088  0.000154439   0.00118544   -0.0119144   0.00617731
-2.23555e-16 -2.69161e-16      7.60575      14.2429   -0.0383659     -0.21658    0.0497751     -1.64195  -0.00462396    -0.118984     0.939834    0.0217445
-3.53636e-20  6.06654e-21     0.379006      5.00353      2.76875      2.37875  -0.00894461   0.00182328   0.00129248  0.000118094  7.21328e-06 -2.13206e-06

