22.5913
35.4772
50.5402
68.3101
88.5002
 107.71

-0.00028672

0.380248

-2.38116e-09   -0.0126124            0  -0.00381429   0.00342117    0.0130059

0.000181401  -0.0157293           0  0.00278413   0.0053308  0.00823518

          0
2.82976e-07
5.28265e-05
6.20919e-05
8.83259e-05
  0.0116673
   0.127344
   0.507626
    1.33602
    1.40924
     4.1928
    36.8665

          0
          0
-2.0482e-06
9.73635e-06
4.02984e-05
  0.0233021
 -0.0264092
    2.58999
 -0.0432064
-0.00155074
    -1.1891
    61.2695

-0.000193147
  0.00126454
  -0.0432371
-0.000196357

           0            0            0            0            0            0            0            0            0            0            0            0
           0            0            0            0            0            0            0            0            0            0            0            0
  -0.0644162     0.296282 -5.25269e-06    -0.707066     0.621799    -0.146598  -1.7945e-08  1.07219e-07  3.94942e-17  9.38017e-08  5.97605e-08  -1.4984e-07
      0.2077    -0.562148 -7.43656e-07     0.320401     0.535492     -0.50144  1.48472e-06 -1.90756e-06 -6.31537e-17 -2.22095e-08  3.27227e-07  1.25937e-07
   -0.636436     0.479067 -3.92892e-07     0.441103     0.113688    -0.397426 -7.30584e-06  7.09228e-06 -1.16155e-17 -2.87728e-07 -1.86312e-07 -3.81479e-07
    0.590136     0.408796 -1.67383e-11   -0.0526767    -0.336671    -0.607044 -7.49268e-06  1.01343e-05 -2.16985e-26  1.61216e-05 -6.94569e-06  -5.8204e-06
 -0.00296763  -0.00295814 -7.15626e-13  -0.00297011  -0.00297957  -0.00298779     0.632088     -0.77028 -2.77191e-30    0.0311745    0.0471602    0.0624064
    0.446531     0.446741 -9.24512e-15     0.447263     0.447584     0.447893   0.00447707  -0.00489849 -3.83723e-37  0.000155384  -0.00138647   0.00167185
-0.000484839  -0.00048718 -3.86963e-14 -0.000494358 -0.000498599 -0.000502989     0.259468     0.212179 -1.97724e-37    -0.771311    -0.178322     0.510818
 0.000826853  0.000825385  2.51904e-14  0.000821422  0.000818956   0.00081705    0.0136775    0.0111362 -6.08137e-38    -0.438982     0.808135    -0.392298
-1.57573e-05 -1.34939e-05  1.59675e-15   -1.061e-05 -9.43528e-06 -8.42787e-06     0.713413     0.554849 -7.48812e-44     0.168466     -0.11139    -0.377353
  1.1946e-05  1.20241e-05  6.32584e-18   1.2193e-05   1.2329e-05  1.25079e-05     0.154843     0.231611            0      0.42781     0.548165     0.662476

 1.30104e-18  1.07495e-20    0.0447756  -0.00838134   -0.0197496     0.907415  -0.00294384     0.446171 -0.000477987  0.000829545 -1.22691e-05  1.19767e-05
-5.50505e-16  7.30691e-18     0.602252     -1.20878      1.00993  -0.00302944   -0.0961992 -0.000100174  -0.00365082 -0.000188214   -0.0122875   0.00594922
 1.73682e-15  2.71634e-17     -13.9181      33.8439     -31.0819    0.0629773      2.74471  0.000545421     0.341744    0.0177903     0.991007    0.0204351
  -1.311e-30  3.34512e-21    -0.720134      1.30461      2.21835      2.45764  5.59673e-05  -0.00279793  3.90701e-05  2.03395e-05  -7.6879e-06 -4.20069e-07

