22.5913
35.4772
50.5402
68.3101
88.5002
 107.71

0.00199028

0.379847

-5.83162e-08   -0.0117529  -0.00254734            0   0.00456137   0.00975152

0.00015216 -0.0229608  0.0111712          0 0.00523013 0.00714583

       -nan
       -nan
0.000172013
0.000234809
0.000402464
  0.0123226
  0.0422133
   0.300179
   0.458068
    1.39533
    4.43964
    35.4376

          0
          0
-0.00019738
-0.00032841
0.000831757
   -0.14451
-0.00158492
  0.0535989
   -2.82069
 0.00261512
    1.23803
    58.9981

0.000919911
-0.00142546
  0.0215708
  0.0136635

           0            0            0            0            0            0            0            0            0            0            0            0
           0            0            0            0            0            0            0            0            0            0            0            0
   -0.258999     0.739535    -0.600595  1.94286e-08     0.155099   -0.0351799  8.98241e-05 -0.000167868  7.83328e-05  8.21865e-17 -3.92004e-07  4.05648e-08
   -0.124496       0.2556     0.133488  3.90422e-10    -0.790436     0.525891  7.56923e-06 -1.72889e-05  9.88106e-06 -1.13718e-16  1.03073e-06 -1.00848e-06
   -0.661183     0.248746     0.631918 -1.23644e-09     0.087283    -0.306634  3.84227e-05 -5.58129e-05  1.15556e-05   1.4075e-18  1.66917e-06  2.98797e-06
    0.529504     0.354901      0.14919 -6.89196e-14    -0.378681    -0.654184   0.00402331  -0.00611234   0.00168618  1.26029e-27  0.000137791  0.000260793
 -0.00425639  -0.00323987  -0.00146598  -2.9111e-13   0.00233708    0.0044117     0.441763    -0.815849     0.373069  8.48426e-30  0.000448816  0.000656297
  0.00493805   0.00471569   0.00444778   7.6506e-15   0.00373209   0.00335251    -0.566953    0.0561791     0.794701   3.7065e-38    -0.123534    -0.168838
   -0.447035    -0.447096    -0.447065 -2.05764e-16    -0.447346    -0.447425  -0.00573677   0.00139719    0.0072064  2.72794e-42  -0.00105889  -0.00168869
 7.86815e-05  7.15716e-05  6.29643e-05    2.732e-17  4.26918e-05   2.9247e-05   -0.0915216   -0.0768175   -0.0595495  1.70719e-45     0.800524    -0.584241
 -5.7694e-05 -5.59427e-05 -5.30891e-05  1.97941e-16 -4.51026e-05 -4.12977e-05    -0.670217    -0.517252    -0.338376  1.84759e-53      0.13239     0.388889
 1.99368e-05  1.99552e-05  1.98838e-05  2.19206e-21  1.92675e-05  1.84645e-05     0.160606     0.240302     0.333424            0     0.571289     0.692039

  -1.316e-18  8.48919e-20    -0.503282    -0.334623    -0.802003     0.832046  -0.00662238   0.00532706    -0.446915  8.96163e-05 -6.72071e-05    2.008e-05
 1.32527e-16 -6.97391e-19    0.0119078    -0.253245  0.000120343    0.0154635  -0.00233774    0.0479937  0.000185203   0.00113913    0.0118414    0.0061673
-4.59717e-16  1.65043e-15    -0.839511      6.24581     -1.27838    -0.340586    0.0781368      -1.6496  -0.00638929    -0.117222    -0.937971     0.021201
 2.37169e-20 -2.62316e-20    -0.649875     -2.79734      2.23706      2.32762   -0.0173239   0.00304675  0.000783403  9.36481e-05 -3.83702e-05  2.65259e-07

