12
4

22.5913
35.4772
50.5402
68.3101
88.5002
 107.71

-0.00142164

0.37882

-6.82334e-08            0      -0.0151  -0.00327765   0.00316446    0.0152165

0.000428829           0  -0.0187574  0.00243727  0.00657078   0.0109088

1.62396e-09
1.52443e-07
0.000106006
0.000138135
0.000302896
  0.0111111
   0.283489
   0.486597
     1.3208
    1.40627
    3.83035
    37.7884

1.16168
      0
1.12185
1.09642
1.06743
1.03973
8.59154
      0
19.2016
25.9864
33.6781
41.0244

           0
           0
 -8.1727e-05
-4.96729e-05
-0.000236888
   0.0961473
  -0.0271831
     2.45382
   0.0391961
   0.0057025
    -1.04029
    -62.7211

-0.000618187
-0.000905848
   0.0106275
 -0.00507853

           0            0            0            0            0            0            0            0            0            0            0            0
           0            0            0            0            0            0            0            0            0            0            0            0
  -0.0319095  -9.6142e-07     0.283668    -0.660524     0.650839     -0.24214  6.46959e-07  2.00308e-11 -1.41724e-06  9.35512e-07  1.54896e-07 -9.03497e-08
    0.105146  1.37222e-06    -0.612336     0.402843     0.524555    -0.420177  9.29714e-07 -7.05012e-11 -2.65424e-06  8.56487e-07  7.66243e-07  4.79022e-08
   -0.573147 -1.70209e-07     0.526868      0.44873    0.0349334    -0.437416 -1.00632e-05 -4.23993e-12  1.25319e-05 -2.29208e-07 -1.63715e-06  -1.8159e-06
    0.678084 -1.61525e-10     0.259042  -0.00892938    -0.315993    -0.610875 -0.000409587 -8.89773e-16  0.000654181 -3.01737e-05 -6.20105e-05 -0.000149001
-0.000432399   4.1894e-13  -0.00074383 -0.000957806  -0.00120922  -0.00144533     0.514567 -5.46284e-18    -0.834478    0.0688682     0.109631     0.148657
    0.446799  1.41708e-14     0.447083     0.447198     0.447412     0.447566  0.000702243 -2.51139e-22  -0.00204384   0.00165003  0.000277644  -0.00046404
-0.000797629  1.02673e-14 -0.000782225 -0.000771813 -0.000760679 -0.000746889    -0.319891 -2.75886e-22    -0.195004     0.778791     0.169978    -0.473531
 -0.00011045 -1.23494e-14 -0.000120806 -0.000126389 -0.000133441 -0.000139915  -0.00889605  1.05828e-21  -0.00531077     0.419027    -0.812172     0.405814
-9.63752e-05 -7.24681e-16 -9.02664e-05 -8.71941e-05 -8.49071e-05 -8.28769e-05     0.781159 -8.47192e-28     0.409582     0.198068    -0.114829    -0.411844
 1.50286e-06 -1.33362e-16  1.40462e-06  1.21931e-06  9.74771e-07  4.58516e-07    -0.150333            0    -0.312775    -0.417042     -0.53505    -0.647587

  2.1684e-19 -1.40157e-20    0.0763952     0.543184    -0.615156      1.01363 -0.000163195     0.446613 -0.000812227 -0.000101627 -9.40733e-05  1.41557e-06
-4.42684e-16  1.84562e-18     0.248096    -0.538222     0.247438   -0.0122457   -0.0472599  5.42538e-05   0.00446705  0.000123241   -0.0132674  -0.00579946
  1.3037e-15   -7.905e-16      -14.152      9.33217     -7.56558     0.247287      1.58075   -0.0042913    -0.420907   -0.0116862      1.08104   -0.0192882
-3.31646e-30 -1.85288e-20     0.937643      2.87709      2.80178       2.5903   0.00200188  -0.00155867 -0.000102679  5.51162e-05 -1.89318e-05 -4.55522e-07

