22.5913
35.4772
50.5402
68.3101
88.5002
 107.71

0.00199028

0.379847

-8.98316e-08            0   -0.0122731  -0.00632066   0.00379105    0.0147769

0.000442448           0  -0.0182964  0.00185699  0.00653151   0.0110463

       -nan
       -nan
0.000321832
0.000334968
0.000466309
  0.0113149
    0.28209
   0.458054
    1.32032
    1.40845
    3.83873
    37.8356

          0
          0
4.61359e-06
0.000251527
 0.00114113
  -0.132221
 -0.0387052
    2.85062
  0.0416077
  0.0145938
    1.01495
    63.0845

0.000975145
-0.00147761
  0.0119589
  0.0136998

           0            0            0            0            0            0            0            0            0            0            0            0
           0            0            0            0            0            0            0            0            0            0            0            0
  -0.0430633  2.28878e-07     0.388642    -0.732678     0.536597    -0.149497 -2.72269e-06 -2.22898e-12  4.99444e-06 -2.20828e-06 -1.16915e-06  4.21463e-07
   0.0466422 -2.17786e-07    -0.500062     0.303244     0.642722     -0.49266 -1.01952e-06 -5.85324e-12  4.67405e-06 -2.41136e-06 -2.25659e-06  1.06606e-06
   -0.583668  7.67593e-08     0.575343     0.413774  -0.00897068    -0.396261  1.65038e-05  8.66193e-12 -2.69779e-05   1.0381e-06   3.2729e-06  5.19901e-06
    0.674923 -1.81707e-11     0.260871  -0.00602926     -0.31422    -0.614534  0.000665756  1.29926e-14  -0.00105779   3.5689e-05  0.000122858  0.000229453
 -0.00341669  2.44775e-14  -0.00292628  -0.00258444  -0.00216999  -0.00178445      0.51546  1.17186e-17    -0.834051    0.0684952     0.108833     0.148622
    0.446955  1.43709e-13     0.447004     0.447184     0.447384     0.447502   0.00264255   5.7372e-21  -0.00499928  0.000664842  0.000834223  0.000619999
-0.000180147  3.05068e-15 -0.000206984 -0.000224577 -0.000241416 -0.000266968    -0.320343  1.60314e-20     -0.19599     0.776846     0.174228    -0.474471
 5.97149e-05  2.95083e-14  6.34053e-05  6.45244e-05  6.60284e-05  6.96399e-05   -0.0108947  2.52598e-20  -0.00599489     0.422501    -0.811433     0.403627
 -0.00010318   8.9611e-16 -9.76514e-05 -9.23543e-05 -8.78135e-05 -8.29921e-05    -0.780471  1.05668e-26     -0.41046    -0.199608     0.114351     0.411666
 1.80776e-05   5.6683e-17  1.80261e-05  1.77193e-05  1.74556e-05  1.66584e-05     0.149736            0     0.312101     0.416494      0.53507     0.648387

-4.33681e-19  -1.8423e-20     0.015926  0.000626639    -0.580832      1.00459  -0.00382537     0.446807 -0.000160997  5.88428e-05 -0.000114471  1.82391e-05
 1.28453e-16  3.43469e-18    0.0674414      0.32673   -0.0949164    0.0171473   -0.0474435  3.65457e-05   0.00446069  0.000175066     0.013195   0.00578814
 1.32426e-15 -6.47243e-17     -6.41471     -8.19661       1.5395    -0.352975      1.58871  -0.00409098     -0.42167   -0.0148099     -1.07886    0.0189426
-1.56359e-30  4.76456e-22    -0.125047       1.2454      2.15724      2.53487  -0.00315311    -0.001117   0.00016097 -1.63001e-05 -4.63487e-05  2.94457e-07

