12
4

22.5913
35.4772
50.5402
68.3101
88.5002
 107.71

-0.000854327

0.379142

-1.8485e-08  -0.0126018           0 -0.00431351  0.00535842   0.0115545

0.000198014  -0.0156813           0  0.00264959  0.00559767  0.00806866

          0
2.41664e-07
4.60915e-05
8.65055e-05
0.000158091
  0.0117957
   0.127657
   0.505849
    1.33525
    1.40755
    4.20422
    36.8653

 1.1594
1.14841
      0
1.12031
1.10297
1.08644
8.59267
13.4879
      0
25.9789
33.6476
40.9478

           0
           0
-3.97576e-06
 3.85353e-06
 7.24122e-06
   0.0632935
  -0.0215759
     2.51225
  -0.0408931
 0.000247663
     1.17339
    -61.1405

-0.000299346
 0.000572388
  -0.0257478
 -0.00112617

           0            0            0            0            0            0            0            0            0            0            0            0
           0            0            0            0            0            0            0            0            0            0            0            0
  -0.0157468    0.0759345 -2.23743e-07    -0.490806     0.789931    -0.359312 -1.47782e-07  9.14706e-08 -1.59182e-16  1.00458e-07  3.70551e-08  -2.8566e-08
      0.2859    -0.683421  1.17189e-07      0.52017     0.232882    -0.355509  3.77396e-06 -4.81437e-06  -1.7153e-16  3.09901e-07  3.49692e-07  4.41163e-07
   -0.609075     0.400544  3.78842e-08     0.534601     0.091554    -0.417625 -1.14214e-05  1.16661e-05 -2.37609e-17  4.46521e-08 -4.14161e-07 -8.77183e-07
    0.589512     0.408732 -1.00276e-11   -0.0519236    -0.336334    -0.607945 -0.000800766  0.000982695 -5.57604e-25 -3.28464e-05 -4.60832e-05 -9.56297e-05
 -0.00154549  -0.00175398 -2.52632e-13  -0.00234746  -0.00271589  -0.00306761     0.632157     -0.77024 -1.43873e-28    0.0311067    0.0471213    0.0623849
     0.44667     0.446845  9.53909e-15      0.44725      0.44751     0.447762   0.00324418  -0.00392652 -1.08528e-35  0.000407245 -0.000678782  0.000914589
 -0.00012364  -0.00012554 -1.22435e-14 -0.000132212 -0.000136735 -0.000141449     0.259066     0.211927 -2.15298e-35    -0.766286    -0.187755     0.515292
 0.000474817  0.000477655  4.37645e-14  0.000484834  0.000489229  0.000493405    0.0170402    0.0139041  -2.9632e-36    -0.447763     0.806022    -0.386462
-2.24868e-05 -2.54351e-05 -1.91398e-15 -3.02625e-05 -3.24797e-05  -3.4371e-05    -0.713506     -0.55508  -1.3738e-42    -0.168767     0.111507     0.376669
 1.07178e-06  9.79401e-07 -1.91349e-16  6.74452e-07  3.91082e-07  -2.0213e-08    -0.154497    -0.231288            0    -0.427627    -0.548108    -0.662834

 -1.0842e-19  1.34864e-20     0.399433     0.614805    -0.519534      0.90461  -0.00111915      0.44639 -0.000117689  0.000470205 -2.46455e-05  1.04776e-06
-1.68521e-16  -4.7447e-19     0.632105     -1.76425     0.635973  -0.00730268   -0.0957039 -2.55024e-05  -0.00363993 -0.000243657    0.0122655  -0.00594761
 -1.0916e-15 -1.37203e-15     -27.6084      49.1843     -18.5636     0.172263      2.73318   -0.0021721     0.341155     0.022559    -0.990587   -0.0201313
 -8.5535e-30 -6.52403e-21      3.36165      4.27903      3.76813      2.43934   0.00309043  -0.00222533  3.89646e-05 -3.67815e-05  1.70158e-05  4.90942e-07

