22.5913
35.4772
50.5402
68.3101
88.5002
 107.71

0.000854174

0.379905

-1.51229e-08   -0.0125701  -0.00233144    0.0016243            0     0.013276

0.000183263  -0.0261124    0.014485  0.00364944           0  0.00864753

          0
1.20262e-08
6.47781e-05
8.62532e-05
0.000191172
  0.0109978
  0.0430721
    0.33757
    0.50627
     1.3531
    4.38245
    33.0175

          0
          0
6.43616e-06
1.70823e-05
 0.00011443
 -0.0550368
 0.00151237
   0.041322
   -2.74214
   0.030364
    1.40314
   -54.6422

-0.000116683
 1.82057e-05
 -0.00898673
  0.00102806

           0            0            0            0            0            0            0            0            0            0            0            0
           0            0            0            0            0            0            0            0            0            0            0            0
  -0.0552587     0.310407    -0.723593     0.599795  9.85412e-09    -0.131351  3.72083e-05 -6.89491e-05  3.16609e-05  1.02122e-07            0 -4.85485e-08
    0.313248    -0.754136      0.12457     0.523953 -5.30982e-09    -0.207631 -8.89109e-07  2.80508e-06 -1.92911e-06  9.90117e-08            0  6.75881e-09
   -0.656492     0.173795     0.501484     0.369532 -5.06156e-10    -0.388294  1.62259e-05  -3.1939e-05  1.41243e-05 -1.94097e-07            0   3.4008e-07
    0.517843     0.323925    0.0973441    -0.170474   8.1765e-16    -0.767054  0.000957251   -0.0014521  0.000382331  3.27138e-05            0  7.74485e-05
-0.000663417 -0.000390513  8.38064e-05  0.000447159 -5.48208e-14   0.00157979     0.440884    -0.815916      0.37403   0.00038037            0  0.000660339
  0.00177846   0.00171183   0.00163603   0.00154576  2.32481e-16   0.00134364    -0.556565    0.0632081     0.794401   -0.0979972            0    -0.213427
    -0.44685     -0.44698    -0.447135    -0.447327 -2.42134e-17    -0.447759   -0.0019883 -0.000336912   0.00287724  0.000909701            0  -0.00141789
 0.000646149  0.000646147  0.000646206   0.00064603 -3.61215e-16  0.000646083    -0.205835    -0.170107    -0.128643     0.870797            0    -0.392246
-6.96051e-05 -6.94689e-05 -6.82575e-05 -6.63495e-05 -2.57485e-18 -6.21524e-05    -0.650354    -0.483586    -0.289134   -0.0631802            0     0.505562
  6.5317e-06  6.38912e-06  6.27886e-06  6.22896e-06 -2.36408e-24  6.45597e-06    -0.174709    -0.259792    -0.358989    -0.477615            0    -0.738239

 4.26991e-20   1.9487e-20     0.431625     0.666797    -0.649339     0.855987  -0.00129727   0.00187952    -0.446602  0.000644051 -7.67107e-05  6.60996e-06
-2.75693e-16  1.12817e-17     0.107798     0.205278    0.0474636   0.00711434  -0.00034578    0.0475833  2.16642e-05   0.00275752    0.0129205  -0.00659171
 1.59879e-16 -1.12857e-15      12.7673     0.192165     -1.90525    -0.148771    0.0179473     -1.62758  0.000305384     -0.26786    -0.942322   -0.0257572
 3.75341e-20  1.88865e-20      3.65256      3.58982      2.90671      2.61736  -0.00447682   0.00085179   0.00185973 -2.81424e-06 -2.23509e-05  1.66281e-06

