22.5913
35.4772
50.5402
68.3101
88.5002
 107.71

-0.00028672

0.380248

-2.23631e-09   -0.0111706  -0.00457932            0   0.00383312     0.011919

0.000201736   -0.021368  0.00918884           0  0.00482298  0.00796925

          0
          0
5.44381e-05
6.06812e-05
9.36805e-05
   0.011804
  0.0430346
    0.30215
   0.507567
     1.3948
    4.41676
    35.3687

          0
          0
3.86956e-07
1.18013e-05
4.22581e-05
  0.0234084
 -0.0180236
  0.0348383
   -2.59222
  0.0163891
    -1.3003
    58.7017

-0.000191328
 4.51083e-05
  -0.0072545
-0.000198439

           0            0            0            0            0            0            0            0            0            0            0            0
           0            0            0            0            0            0            0            0            0            0            0            0
   -0.120748     0.602471    -0.697398 -2.38428e-08     0.345353    -0.129675 -1.21784e-05  2.26701e-05 -1.04231e-05   9.6897e-17  4.92743e-08 -7.08518e-08
    0.144299      -0.4186    0.0698803 -7.13185e-09     0.725982    -0.521554  9.66185e-06 -1.81505e-05  8.33676e-06  7.44644e-17  2.40067e-07 -9.49244e-08
   -0.692832     0.369227     0.536404  2.71805e-09    0.0850157    -0.297821 -1.30728e-05  1.88747e-05 -6.64583e-06  8.04624e-19 -7.43745e-08 -2.21309e-07
    0.533946     0.354705     0.145471  1.49076e-13    -0.382211     -0.64949  0.000432808 -0.000860586  0.000456059            0 -1.10029e-05 -1.15753e-05
 -0.00368522  -0.00343823  -0.00326018  5.33631e-13  -0.00269898   -0.0024112      0.43778     -0.81557     0.378345            0 -0.000221915 -0.000368343
  0.00141293   0.00142151   0.00143538 -1.17471e-14   0.00147292    0.0014925    -0.568907    0.0623551     0.792513            0    -0.124632    -0.169809
   -0.446616    -0.446815    -0.447043 -5.11235e-17    -0.447614    -0.447909  -0.00509006   0.00567654 -0.000185224            0    0.0012554  -0.00170304
 0.000913999  0.000913771  0.000913595  2.49529e-17  0.000913146   0.00091345   -0.0915755   -0.0766168   -0.0592588            0     0.799992    -0.585013
 -2.6053e-05  -2.3947e-05 -2.25338e-05   1.4936e-16  -2.0252e-05 -1.93532e-05     0.670847     0.516268     0.336189            0    -0.134311    -0.390346
 1.23589e-05  1.24393e-05  1.25132e-05   1.1715e-21  1.27517e-05   1.2937e-05     0.162005     0.241913     0.335026            0     0.571348     0.690327

-2.86309e-19 -1.48332e-20     0.172651   0.00424961    -0.153162     0.847613    -0.003993   0.00138237    -0.446276  0.000913429 -2.26729e-05  1.23969e-05
-3.28656e-16 -6.82032e-18   -0.0931493    -0.131943     0.497335  -0.00215403  0.000325014     0.047912  0.000123128   0.00116191   -0.0119745   0.00619046
  8.9214e-16 -1.14471e-15      6.03012      4.57327     -17.5388    0.0432905   -0.0118222     -1.64463   -0.0024417    -0.117892     0.941354    0.0221584
 2.35912e-21  8.79176e-21   -0.0616931       1.1765      1.70035      2.42949  -0.00257246 -0.000170168   0.00265313   7.0078e-07 -6.79103e-06 -4.16576e-07

